805 566 0
805 452 0
805 32 0
805 230 0
805 303 0
805 529 0
805 513 0
805 628 0
805 692 0
805 412 0
805 119 0
805 332 0
805 479 0
805 563 0
805 643 0
805 108 0
800 529 0
800 305 0
800 716 0
800 530 0
800 99 0
800 74 0
800 480 0
800 243 0
800 182 0
800 422 0
800 513 0
800 412 0
800 8 0
800 432 0
800 329 0
800 478 0
800 519 0
800 303 0
800 479 0
800 75 0
800 39 0
800 658 0
800 645 0
800 104 0
800 73 0
800 81 0
800 301 0
800 18 0
800 411 0
800 550 0
800 318 0
800 321 0
800 152 0
800 684 0
800 26 0
800 679 0
800 461 0
800 51 0
800 197 0
800 293 0
801 412 0
801 102 0
801 370 0
801 206 0
801 37 0
801 142 0
801 511 0
801 464 0
801 90 0
801 419 0
801 697 0
801 88 0
801 684 0
801 76 0
801 308 0
801 23 0
801 147 0
801 343 0
801 93 0
801 342 0
801 538 0
801 347 0
801 539 0
801 556 0
801 582 0
801 381 0
801 475 0
801 319 0
801 168 0
801 57 0
801 177 0
801 429 0
801 301 0
801 497 0
801 425 0
801 531 0
801 422 0
801 318 0
801 507 0
801 145 0
801 81 0
801 144 0
801 141 0
801 716 0
801 572 0
801 196 0
801 143 0
801 474 0
801 11 0
801 99 0
801 658 0
801 197 0
801 133 0
801 643 0
801 606 0
801 304 0
801 352 0
801 117 0
801 687 0
801 303 0
801 708 0
801 335 0
801 302 0
801 704 0
801 535 0
801 35 0
801 693 0
801 16 0
801 698 0
801 20 0
801 297 0
801 479 0
801 690 0
801 502 0
801 222 0
801 19 0
801 83 0
801 395 0
801 718 0
802 715 0
802 144 0
802 334 0
802 329 0
802 478 0
802 400 0
802 406 0
802 358 0
802 713 0
802 243 0
802 528 0
802 303 0
802 149 0
802 305 0
802 718 0
802 146 0
802 249 0
802 119 0
802 110 0
802 304 0
802 511 0
802 509 0
802 610 0
802 581 0
802 308 0
802 556 0
802 643 0
802 411 0
802 582 0
802 640 0
802 312 0
802 135 0
802 530 0
802 161 0
802 184 0
802 606 0
802 419 0
802 372 0
802 417 0
802 486 0
802 425 0
802 392 0
802 592 0
802 332 0
802 37 0
803 382 0
803 708 0
803 357 0
803 223 0
803 534 0
803 697 0
803 464 0
803 68 0
803 197 0
803 308 0
803 513 0
803 531 0
803 618 0
803 666 0
803 621 0
803 364 0
803 144 0
803 348 0
803 211 0
803 419 0
803 631 0
803 406 0
803 526 0
803 3 0
803 89 0
803 145 0
803 638 0
803 379 0
804 342 0
804 406 0
804 127 0
804 173 0
804 308 0
804 424 0
804 74 0
804 715 0
804 580 0
804 671 0
805 708 0
805 304 0
805 308 0
805 373 0
805 138 0
805 201 0
805 20 0
805 285 0
805 530 0
805 184 0
805 506 0
800 117 0
800 643 0
800 211 0
800 693 0
800 616 0
800 120 0
800 144 0
800 556 0
800 718 0
800 689 0
800 512 0
800 236 0
800 200 0
800 295 0
800 454 0
800 698 0
800 713 0
800 612 0
800 610 0
800 222 0
800 508 0
800 180 0
800 282 0
800 279 0
800 270 0
800 497 0
800 677 0
800 692 0
800 170 0
800 340 0
800 240 0
800 238 0
800 46 0
800 538 0
800 230 0
801 166 0
801 480 0
801 518 0
801 167 0
801 64 0
801 118 0
801 548 0
801 436 0
801 53 0
801 376 0
801 296 0
801 645 0
801 574 0
801 421 0
801 329 0
801 641 0
801 153 0
801 536 0
801 237 0
801 354 0
801 305 0
801 224 0
801 547 0
801 334 0
801 420 0
801 322 0
801 424 0
801 67 0
801 532 0
801 406 0
801 696 0
801 423 0
801 160 0
801 485 0
801 519 0
801 13 0
801 402 0
801 417 0
801 583 0
801 184 0
801 613 0
801 411 0
801 127 0
801 104 0
801 95 0
801 530 0
801 286 0
801 73 0
801 579 0
801 158 0
801 616 0
801 364 0
801 24 0
801 183 0
801 689 0
801 321 0
801 640 0
801 285 0
801 328 0
801 231 0
801 229 0
801 80 0
801 625 0
801 146 0
801 60 0
802 318 0
802 190 0
802 133 0
802 658 0
802 49 0
802 716 0
802 80 0
802 584 0
802 559 0
802 296 0
802 692 0
802 422 0
802 352 0
802 429 0
802 50 0
802 578 0
802 76 0
802 585 0
802 424 0
802 513 0
802 111 0
802 449 0
802 508 0
802 636 0
802 222 0
802 583 0
802 472 0
802 157 0
802 613 0
802 79 0
802 297 0
802 229 0
802 66 0
802 259 0
802 563 0
802 706 0
802 646 0
803 397 0
803 221 0
803 127 0
803 606 0
803 174 0
803 572 0
803 70 0
803 241 0
803 205 0
803 507 0
803 122 0
803 352 0
803 462 0
803 511 0
803 201 0
803 329 0
803 102 0
803 423 0
803 108 0
803 37 0
803 119 0
803 660 0
803 259 0
803 412 0
803 539 0
804 158 0
804 584 0
804 581 0
804 692 0
804 521 0
805 144 0
805 117 0
805 583 0
805 669 0
805 151 0
805 644 0
805 305 0
805 480 0
805 161 0
805 329 0
805 352 0
800 183 0
800 427 0
800 402 0
800 149 0
800 308 0
800 66 0
800 208 0
800 486 0
800 17 0
800 583 0
800 626 0
800 338 0
800 36 0
800 413 0
800 332 0
800 114 0
800 316 0
800 474 0
800 568 0
800 518 0
800 506 0
800 165 0
800 13 0
800 664 0
801 203 0
801 465 0
801 382 0
801 204 0
801 666 0
801 215 0
801 100 0
801 581 0
801 96 0
801 192 0
801 86 0
801 89 0
801 526 0
801 220 0
801 534 0
801 438 0
801 336 0
801 512 0
801 456 0
801 218 0
801 680 0
801 692 0
801 69 0
801 331 0
801 244 0
801 62 0
801 513 0
801 66 0
801 617 0
801 592 0
801 713 0
801 161 0
801 508 0
801 7 0
801 672 0
801 506 0
801 243 0
801 9 0
801 265 0
801 607 0
801 17 0
801 527 0
801 113 0
801 357 0
802 1 0
802 132 0
802 194 0
802 8 0
802 693 0
802 163 0
802 632 0
802 343 0
802 176 0
802 479 0
802 342 0
802 616 0
802 534 0
802 550 0
802 300 0
802 518 0
802 170 0
802 645 0
803 716 0
803 224 0
803 538 0
803 120 0
803 532 0
803 372 0
803 338 0
803 129 0
803 97 0
803 193 0
803 112 0
803 116 0
803 40 0
803 438 0
803 301 0
803 689 0
803 580 0
803 474 0
803 100 0
803 475 0
803 381 0
803 488 0
803 427 0
803 658 0
803 663 0
803 627 0
803 373 0
803 506 0
803 622 0
803 148 0
803 512 0
804 117 0
804 329 0
804 170 0
804 15 0
804 222 0
804 296 0
805 556 0
805 149 0
805 207 0
805 301 0
805 511 0
805 625 0
805 74 0
805 519 0
805 588 0
805 111 0
800 147 0
800 532 0
800 563 0
800 261 0
800 110 0
800 111 0
800 201 0
800 392 0
800 429 0
800 302 0
800 304 0
800 423 0
800 50 0
800 406 0
800 606 0
800 119 0
800 644 0
800 108 0
800 669 0
800 328 0
800 154 0
800 358 0
800 360 0
801 707 0
801 85 0
801 356 0
801 667 0
801 398 0
801 295 0
801 452 0
801 467 0
801 87 0
801 202 0
801 627 0
801 209 0
801 32 0
801 169 0
801 337 0
801 211 0
801 437 0
801 384 0
801 4 0
801 193 0
801 644 0
801 266 0
801 576 0
801 212 0
801 450 0
801 683 0
801 686 0
801 486 0
802 337 0
802 102 0
802 17 0
802 541 0
802 335 0
802 414 0
802 223 0
802 251 0
802 152 0
802 519 0
802 529 0
802 136 0
802 402 0
802 156 0
802 16 0
802 412 0
802 319 0
803 411 0
803 290 0
803 294 0
803 272 0
803 593 0
803 99 0
803 605 0
803 533 0
803 392 0
804 683 0
804 627 0
804 145 0
804 716 0
804 556 0
804 532 0
804 242 0
804 669 0
804 518 0
804 20 0
804 168 0
804 526 0
805 100 0
805 175 0
805 274 0
805 693 0
805 8 0
805 582 0
805 716 0
800 100 0
800 588 0
800 161 0
800 372 0
800 640 0
800 268 0
800 688 0
800 184 0
800 312 0
800 206 0
800 296 0
800 582 0
800 374 0
800 224 0
800 394 0
800 299 0
800 510 0
800 226 0
800 458 0
800 333 0
800 96 0
801 353 0
801 608 0
801 235 0
801 463 0
801 65 0
801 439 0
801 405 0
801 366 0
801 510 0
801 520 0
801 84 0
801 472 0
801 516 0
801 163 0
801 671 0
801 470 0
801 8 0
801 170 0
801 533 0
801 703 0
801 36 0
801 120 0
801 451 0
801 378 0
802 394 0
802 13 0
802 532 0
802 313 0
802 301 0
802 489 0
802 265 0
802 431 0
802 202 0
802 250 0
802 667 0
803 519 0
803 436 0
803 126 0
803 332 0
803 435 0
803 239 0
803 7 0
803 422 0
803 194 0
803 536 0
803 304 0
803 555 0
803 243 0
803 262 0
803 257 0
803 616 0
803 150 0
803 714 0
804 243 0
804 686 0
804 438 0
804 220 0
804 376 0
804 128 0
804 606 0
804 437 0
804 315 0
804 456 0
801 264 0
801 325 0
802 665 0
802 689 0
802 376 0
803 641 0
804 83 0
804 318 0
804 381 0
805 439 0
805 194 0
805 457 0
805 18 0
805 640 0
800 133 0
802 143 0
802 124 0
802 391 0
802 94 0
803 676 0
803 230 0
803 124 0
803 94 0
804 226 0
804 305 0
804 440 0
804 130 0
804 124 0
804 73 0
804 251 0
805 73 0
800 514 0
800 641 0
800 23 0
800 319 0
800 37 0
800 534 0
800 7 0
800 203 0
800 251 0
800 193 0
800 590 0
800 330 0
800 288 0
800 724 0
800 79 0
801 664 0
801 624 0
801 119 0
801 496 0
801 660 0
801 528 0
801 501 0
801 171 0
801 653 0
801 409 0
801 239 0
801 563 0
801 323 0
801 313 0
801 569 0
801 373 0
801 694 0
801 621 0
801 580 0
801 22 0
801 15 0
801 493 0
801 433 0
801 330 0
802 496 0
802 516 0
802 588 0
802 230 0
802 607 0
802 497 0
802 694 0
802 140 0
802 347 0
802 114 0
802 314 0
802 254 0
802 375 0
802 105 0
802 2 0
802 687 0
802 357 0
802 364 0
802 286 0
802 441 0
802 440 0
803 32 0
803 58 0
803 169 0
803 514 0
803 343 0
803 152 0
803 76 0
803 653 0
803 530 0
803 349 0
803 553 0
803 146 0
803 86 0
803 452 0
803 503 0
803 637 0
803 204 0
803 690 0
803 12 0
803 642 0
803 518 0
803 57 0
803 446 0
803 664 0
804 367 0
804 455 0
804 37 0
804 485 0
805 145 0
805 393 0
805 694 0
805 95 0
800 520 0
800 475 0
800 173 0
800 487 0
800 19 0
800 361 0
800 437 0
800 697 0
800 592 0
800 383 0
801 346 0
801 577 0
801 407 0
801 77 0
801 94 0
801 294 0
801 315 0
801 50 0
801 598 0
801 148 0
801 345 0
801 642 0
801 603 0
801 248 0
801 247 0
802 437 0
802 266 0
802 512 0
802 104 0
802 7 0
802 285 0
802 533 0
802 555 0
802 145 0
802 536 0
802 150 0
803 171 0
803 168 0
803 50 0
803 321 0
803 234 0
803 322 0
803 510 0
803 154 0
803 597 0
803 445 0
803 440 0
803 246 0
803 688 0
803 628 0
803 707 0
803 15 0
803 143 0
803 238 0
803 56 0
803 639 0
803 567 0
803 574 0
803 437 0
803 550 0
803 715 0
804 202 0
804 397 0
804 644 0
804 666 0
804 512 0
804 680 0
804 574 0
805 697 0
805 531 0
805 406 0
803 643 0
803 429 0
804 215 0
804 113 0
804 205 0
800 135 0
800 70 0
800 371 0
800 125 0
800 484 0
802 506 0
802 239 0
802 199 0
804 105 0
804 50 0
805 580 0
805 501 0
805 222 0
800 300 0
801 484 0
802 125 0
804 511 0
804 66 0
804 429 0
804 303 0
805 520 0
800 168 0
802 593 0
803 644 0
803 493 0
803 162 0
803 73 0
803 305 0
804 653 0
804 667 0
805 169 0
805 542 0
800 355 0
801 458 0
801 682 0
801 374 0
802 695 0
802 432 0
804 682 0
804 450 0
804 238 0
804 88 0
805 58 0
800 533 0
800 54 0
800 198 0
800 662 0
800 31 0
801 383 0
801 230 0
802 487 0
803 16 0
803 336 0
803 44 0
803 444 0
803 187 0
804 89 0
804 382 0
804 665 0
804 365 0
804 199 0
804 198 0
805 213 0
805 690 0
805 116 0
805 99 0
805 512 0
805 168 0
800 553 0
800 628 0
800 285 0
800 470 0
800 199 0
800 597 0
800 102 0
800 405 0
800 704 0
800 146 0
800 596 0
800 105 0
800 511 0
800 162 0
800 229 0
800 241 0
800 715 0
800 52 0
800 89 0
800 378 0
800 569 0
800 124 0
800 515 0
801 186 0
801 5 0
801 278 0
801 601 0
801 68 0
801 629 0
801 670 0
801 124 0
801 478 0
801 555 0
801 58 0
801 483 0
801 372 0
801 523 0
801 307 0
801 311 0
801 663 0
801 198 0
801 252 0
801 116 0
801 109 0
801 233 0
801 150 0
801 74 0
801 241 0
801 551 0
801 131 0
801 673 0
801 103 0
801 596 0
801 554 0
802 641 0
802 302 0
802 702 0
802 510 0
802 561 0
802 20 0
802 383 0
802 464 0
802 42 0
802 404 0
802 117 0
802 624 0
802 554 0
802 642 0
802 298 0
802 697 0
802 373 0
802 224 0
802 669 0
802 553 0
802 644 0
802 423 0
803 674 0
803 229 0
803 104 0
803 596 0
803 645 0
803 98 0
803 611 0
803 167 0
803 192 0
803 8 0
803 356 0
803 635 0
803 361 0
803 269 0
803 463 0
803 286 0
803 334 0
803 421 0
803 433 0
803 432 0
803 198 0
803 320 0
804 116 0
804 101 0
804 104 0
804 211 0
804 392 0
805 110 0
805 533 0
805 597 0
805 701 0
805 251 0
805 545 0
805 392 0
800 223 0
800 72 0
800 690 0
800 599 0
800 112 0
800 584 0
801 78 0
801 190 0
801 181 0
801 282 0
801 597 0
801 457 0
801 284 0
801 709 0
801 724 0
801 393 0
801 567 0
801 110 0
801 720 0
801 542 0
801 274 0
801 500 0
801 246 0
802 100 0
802 633 0
802 231 0
802 169 0
802 480 0
802 320 0
802 35 0
802 108 0
802 359 0
802 502 0
802 648 0
802 447 0
802 418 0
802 198 0
802 655 0
802 679 0
802 142 0
802 499 0
802 98 0
802 603 0
802 47 0
802 211 0
802 139 0
802 722 0
802 356 0
803 394 0
803 680 0
803 80 0
803 545 0
803 378 0
803 705 0
803 535 0
803 184 0
803 491 0
803 67 0
803 365 0
803 245 0
803 655 0
803 77 0
803 339 0
803 477 0
803 648 0
803 599 0
803 255 0
803 693 0
803 107 0
803 260 0
804 689 0
804 524 0
804 718 0
804 525 0
804 274 0
804 319 0
804 21 0
805 199 0
805 378 0
805 664 0
800 428 0
800 310 0
800 708 0
800 195 0
800 450 0
800 502 0
800 654 0
800 562 0
800 642 0
800 652 0
800 45 0
800 132 0
800 3 0
800 659 0
801 135 0
801 369 0
801 299 0
801 651 0
801 199 0
801 553 0
801 139 0
801 45 0
801 273 0
801 55 0
801 344 0
801 106 0
801 595 0
801 428 0
801 537 0
801 430 0
801 659 0
801 591 0
801 21 0
802 609 0
802 574 0
802 365 0
802 182 0
802 703 0
802 215 0
802 691 0
802 475 0
802 507 0
802 628 0
802 101 0
802 596 0
802 705 0
802 115 0
803 594 0
803 78 0
803 376 0
803 232 0
803 718 0
803 528 0
803 497 0
803 217 0
803 31 0
803 703 0
803 529 0
803 17 0
803 337 0
803 696 0
803 267 0
803 395 0
804 383 0
804 597 0
804 162 0
804 32 0
804 563 0
805 497 0
805 510 0
805 376 0
805 713 0
800 523 0
800 145 0
800 398 0
800 78 0
800 287 0
801 669 0
801 151 0
801 715 0
801 679 0
801 392 0
801 705 0
801 130 0
801 487 0
801 91 0
801 191 0
801 101 0
801 182 0
801 187 0
801 39 0
801 454 0
801 262 0
801 59 0
801 312 0
801 589 0
801 647 0
801 14 0
801 338 0
801 549 0
802 686 0
802 438 0
802 18 0
802 467 0
802 160 0
802 221 0
802 90 0
802 654 0
802 281 0
803 465 0
803 562 0
803 484 0
803 723 0
803 485 0
803 405 0
803 571 0
803 558 0
803 161 0
803 495 0
803 712 0
803 541 0
803 123 0
803 543 0
803 702 0
803 540 0
803 448 0
804 401 0
804 596 0
804 658 0
804 169 0
804 694 0
805 527 0
805 202 0
805 224 0
802 671 0
803 458 0
803 439 0
803 383 0
803 692 0
803 665 0
804 693 0
804 115 0
804 628 0
805 23 0
805 472 0
805 574 0
805 198 0
805 282 0
805 478 0
800 694 0
801 283 0
801 462 0
801 214 0
801 620 0
801 195 0
801 588 0
801 44 0
801 115 0
801 408 0
801 416 0
801 63 0
801 175 0
801 270 0
801 309 0
801 678 0
801 509 0
801 446 0
801 544 0
801 162 0
801 410 0
801 525 0
801 699 0
801 650 0
801 154 0
801 628 0
802 368 0
802 627 0
802 649 0
802 700 0
802 153 0
802 204 0
802 719 0
802 565 0
802 220 0
802 393 0
802 99 0
802 264 0
802 22 0
802 112 0
802 282 0
802 155 0
802 476 0
802 192 0
803 6 0
803 393 0
803 115 0
803 59 0
803 330 0
803 403 0
803 296 0
803 556 0
803 408 0
804 159 0
804 340 0
804 605 0
804 136 0
804 593 0
804 2 0
804 703 0
804 486 0
804 408 0
804 649 0
804 700 0
805 211 0
805 645 0
805 426 0
800 675 0
800 434 0
800 192 0
800 49 0
800 722 0
800 573 0
800 10 0
800 472 0
801 461 0
801 61 0
801 367 0
801 355 0
801 326 0
801 482 0
801 30 0
801 261 0
801 719 0
801 332 0
801 571 0
801 562 0
801 619 0
801 152 0
801 79 0
802 408 0
802 23 0
802 258 0
802 60 0
802 179 0
802 668 0
802 180 0
802 178 0
802 322 0
802 15 0
802 74 0
803 355 0
803 274 0
803 401 0
803 71 0
803 486 0
803 172 0
803 581 0
803 473 0
803 92 0
803 277 0
803 178 0
803 582 0
803 22 0
804 536 0
804 529 0
804 320 0
805 438 0
805 210 0
805 577 0
805 642 0
800 711 0
800 210 0
800 386 0
800 9 0
800 574 0
800 267 0
800 650 0
801 498 0
801 210 0
801 453 0
801 710 0
801 521 0
801 657 0
801 75 0
801 289 0
801 216 0
801 194 0
801 714 0
801 630 0
801 18 0
801 349 0
801 107 0
801 706 0
801 559 0
801 394 0
802 696 0
802 461 0
802 685 0
802 64 0
802 162 0
802 219 0
802 311 0
802 185 0
802 349 0
802 363 0
803 311 0
803 289 0
803 84 0
803 117 0
803 166 0
803 670 0
803 551 0
803 285 0
803 657 0
803 345 0
803 210 0
803 508 0
804 546 0
804 100 0
804 134 0
804 655 0
804 452 0
804 670 0
804 239 0
804 91 0
804 119 0
804 13 0
805 526 0
805 276 0
805 703 0
805 104 0
800 555 0
800 194 0
801 602 0
801 722 0
801 578 0
801 466 0
801 185 0
801 363 0
801 189 0
801 455 0
801 213 0
801 444 0
801 267 0
801 593 0
801 490 0
801 491 0
801 570 0
801 431 0
801 529 0
801 47 0
801 269 0
802 580 0
802 712 0
802 253 0
802 88 0
802 439 0
802 158 0
802 681 0
802 177 0
802 263 0
802 295 0
802 690 0
802 657 0
803 222 0
803 570 0
803 63 0
803 29 0
803 191 0
803 91 0
803 61 0
803 292 0
803 482 0
803 347 0
803 136 0
803 327 0
803 634 0
803 396 0
803 275 0
803 449 0
803 189 0
803 186 0
803 72 0
803 713 0
803 109 0
803 319 0
803 683 0
803 380 0
803 253 0
803 377 0
803 413 0
804 453 0
805 44 0
805 361 0
805 658 0
805 286 0
805 528 0
800 607 0
800 496 0
800 185 0
800 349 0
800 540 0
800 190 0
800 130 0
800 16 0
800 115 0
801 351 0
801 648 0
801 586 0
801 575 0
801 711 0
801 514 0
801 226 0
801 541 0
