800 566 0
800 452 0
800 32 0
800 230 0
800 303 0
800 529 0
800 513 0
800 628 0
800 692 0
800 412 0
800 119 0
800 332 0
800 479 0
800 563 0
800 643 0
800 108 0
800 305 0
800 716 0
800 530 0
800 99 0
800 74 0
800 480 0
800 243 0
800 182 0
800 422 0
800 8 0
800 432 0
800 329 0
800 478 0
800 519 0
800 75 0
800 39 0
800 658 0
800 645 0
800 104 0
800 73 0
800 81 0
800 301 0
800 18 0
800 411 0
800 550 0
800 318 0
800 321 0
800 152 0
800 684 0
800 26 0
800 679 0
800 461 0
800 51 0
800 197 0
800 293 0
800 102 0
800 370 0
800 206 0
800 37 0
800 142 0
800 511 0
800 464 0
800 90 0
800 419 0
800 697 0
800 88 0
800 76 0
800 308 0
800 23 0
800 147 0
800 343 0
800 93 0
800 342 0
800 538 0
800 347 0
800 539 0
800 556 0
800 582 0
800 381 0
800 475 0
800 319 0
800 168 0
800 57 0
800 177 0
800 429 0
800 497 0
800 425 0
800 531 0
800 507 0
800 145 0
800 144 0
800 141 0
800 572 0
800 196 0
800 143 0
800 474 0
800 11 0
800 133 0
800 606 0
800 304 0
800 352 0
800 117 0
800 687 0
800 708 0
800 335 0
800 302 0
800 704 0
800 535 0
800 35 0
800 693 0
800 16 0
800 698 0
800 20 0
800 297 0
800 690 0
800 502 0
800 222 0
800 19 0
800 83 0
800 395 0
800 718 0
800 715 0
800 334 0
800 400 0
800 406 0
800 358 0
800 713 0
800 528 0
800 149 0
800 146 0
800 249 0
800 110 0
800 509 0
800 610 0
800 581 0
800 640 0
800 312 0
800 135 0
800 161 0
800 184 0
800 372 0
800 417 0
800 486 0
800 392 0
800 592 0
800 382 0
800 357 0
800 223 0
800 534 0
800 68 0
800 618 0
800 666 0
800 621 0
800 364 0
800 348 0
800 211 0
800 631 0
800 526 0
800 3 0
800 89 0
800 638 0
800 379 0
800 127 0
800 173 0
800 424 0
800 580 0
800 671 0
801 708 0
801 230 0
801 304 0
801 303 0
801 308 0
801 513 0
801 373 0
801 138 0
801 201 0
801 20 0
801 285 0
801 479 0
801 119 0
801 530 0
801 184 0
801 506 0
801 74 0
801 117 0
801 643 0
801 211 0
801 305 0
801 716 0
801 693 0
801 616 0
801 120 0
801 144 0
801 556 0
801 718 0
801 689 0
801 529 0
801 512 0
801 8 0
801 236 0
801 200 0
801 295 0
801 454 0
801 432 0
801 698 0
801 713 0
801 612 0
801 610 0
801 222 0
801 508 0
801 180 0
801 282 0
801 279 0
801 270 0
801 497 0
801 677 0
801 692 0
801 170 0
801 340 0
801 329 0
801 240 0
801 238 0
801 46 0
801 538 0
801 166 0
801 464 0
801 480 0
801 90 0
801 518 0
801 167 0
801 64 0
801 177 0
801 347 0
801 118 0
801 168 0
801 548 0
801 436 0
801 53 0
801 658 0
801 376 0
801 296 0
801 645 0
801 76 0
801 574 0
801 57 0
801 421 0
801 641 0
801 153 0
801 536 0
801 237 0
801 354 0
801 342 0
801 224 0
801 335 0
801 511 0
801 547 0
801 334 0
801 420 0
801 322 0
801 424 0
801 343 0
801 67 0
801 532 0
801 406 0
801 696 0
801 423 0
801 160 0
801 99 0
801 485 0
801 519 0
801 13 0
801 402 0
801 417 0
801 583 0
801 613 0
801 411 0
801 127 0
801 104 0
801 95 0
801 286 0
801 73 0
801 579 0
801 158 0
801 16 0
801 364 0
801 24 0
801 183 0
801 23 0
801 321 0
801 81 0
801 640 0
801 328 0
801 197 0
801 231 0
801 229 0
801 80 0
801 625 0
801 146 0
801 60 0
801 318 0
801 190 0
801 133 0
801 49 0
801 584 0
801 559 0
801 422 0
801 352 0
801 429 0
801 50 0
801 578 0
801 585 0
801 111 0
801 449 0
801 636 0
801 472 0
801 157 0
801 79 0
801 297 0
801 66 0
801 259 0
801 563 0
801 706 0
801 646 0
801 397 0
801 221 0
801 606 0
801 174 0
801 572 0
801 70 0
801 241 0
801 205 0
801 507 0
801 122 0
801 462 0
801 102 0
801 108 0
801 37 0
801 660 0
801 145 0
801 412 0
801 539 0
801 581 0
801 521 0
801 580 0
802 144 0
802 117 0
802 583 0
802 669 0
802 151 0
802 644 0
802 692 0
802 305 0
802 480 0
802 161 0
802 329 0
802 530 0
802 352 0
802 211 0
802 183 0
802 427 0
802 243 0
802 402 0
802 643 0
802 529 0
802 149 0
802 104 0
802 308 0
802 478 0
802 512 0
802 8 0
802 66 0
802 208 0
802 303 0
802 486 0
802 17 0
802 422 0
802 626 0
802 519 0
802 338 0
802 36 0
802 413 0
802 432 0
802 332 0
802 114 0
802 120 0
802 316 0
802 474 0
802 568 0
802 518 0
802 506 0
802 713 0
802 165 0
802 170 0
802 13 0
802 716 0
802 664 0
802 645 0
802 698 0
802 203 0
802 556 0
802 465 0
802 464 0
802 382 0
802 204 0
802 666 0
802 215 0
802 406 0
802 100 0
802 581 0
802 342 0
802 96 0
802 192 0
802 86 0
802 89 0
802 582 0
802 526 0
802 220 0
802 35 0
802 534 0
802 438 0
802 145 0
802 336 0
802 640 0
802 429 0
802 456 0
802 218 0
802 680 0
802 158 0
802 347 0
802 69 0
802 539 0
802 331 0
802 73 0
802 177 0
802 244 0
802 62 0
802 343 0
802 423 0
802 425 0
802 513 0
802 302 0
802 412 0
802 617 0
802 693 0
802 592 0
802 370 0
802 508 0
802 7 0
802 672 0
802 24 0
802 318 0
802 95 0
802 322 0
802 718 0
802 133 0
802 184 0
802 9 0
802 265 0
802 607 0
802 532 0
802 527 0
802 113 0
802 357 0
802 1 0
802 132 0
802 194 0
802 163 0
802 632 0
802 110 0
802 176 0
802 479 0
802 616 0
802 550 0
802 300 0
802 50 0
802 296 0
802 224 0
802 538 0
802 372 0
802 129 0
802 97 0
802 193 0
802 112 0
802 116 0
802 40 0
802 301 0
802 689 0
802 580 0
802 475 0
802 108 0
802 381 0
802 488 0
802 658 0
802 663 0
802 627 0
802 373 0
802 102 0
802 622 0
802 148 0
802 15 0
802 222 0
803 556 0
803 149 0
803 207 0
803 303 0
803 301 0
803 352 0
803 230 0
803 513 0
803 511 0
803 625 0
803 74 0
803 519 0
803 588 0
803 111 0
803 73 0
803 147 0
803 532 0
803 563 0
803 478 0
803 261 0
803 530 0
803 243 0
803 110 0
803 305 0
803 117 0
803 8 0
803 201 0
803 658 0
803 480 0
803 392 0
803 643 0
803 429 0
803 302 0
803 304 0
803 423 0
803 50 0
803 689 0
803 406 0
803 606 0
803 119 0
803 170 0
803 422 0
803 644 0
803 486 0
803 108 0
803 669 0
803 328 0
803 693 0
803 154 0
803 75 0
803 358 0
803 360 0
803 707 0
803 85 0
803 357 0
803 356 0
803 667 0
803 398 0
803 295 0
803 64 0
803 452 0
803 412 0
803 90 0
803 343 0
803 697 0
803 419 0
803 467 0
803 87 0
803 202 0
803 168 0
803 89 0
803 627 0
803 329 0
803 209 0
803 518 0
803 32 0
803 113 0
803 153 0
803 548 0
803 86 0
803 342 0
803 57 0
803 37 0
803 539 0
803 169 0
803 337 0
803 211 0
803 716 0
803 437 0
803 204 0
803 438 0
803 384 0
803 183 0
803 4 0
803 334 0
803 145 0
803 508 0
803 308 0
803 100 0
803 265 0
803 479 0
803 411 0
803 192 0
803 193 0
803 17 0
803 321 0
803 266 0
803 335 0
803 24 0
803 576 0
803 212 0
803 450 0
803 683 0
803 686 0
803 102 0
803 541 0
803 414 0
803 223 0
803 222 0
803 251 0
803 152 0
803 616 0
803 529 0
803 136 0
803 402 0
803 718 0
803 156 0
803 715 0
803 16 0
803 319 0
803 506 0
803 290 0
803 294 0
803 120 0
803 272 0
803 593 0
803 99 0
803 605 0
803 197 0
803 580 0
803 533 0
803 242 0
803 20 0
803 526 0
804 100 0
804 175 0
804 230 0
804 692 0
804 274 0
804 693 0
804 8 0
804 582 0
804 304 0
804 716 0
804 144 0
804 117 0
804 529 0
804 588 0
804 104 0
804 519 0
804 182 0
804 161 0
804 110 0
804 243 0
804 119 0
804 372 0
804 640 0
804 268 0
804 688 0
804 99 0
804 184 0
804 312 0
804 206 0
804 296 0
804 374 0
804 224 0
804 508 0
804 394 0
804 299 0
804 510 0
804 226 0
804 458 0
804 429 0
804 197 0
804 556 0
804 643 0
804 333 0
804 96 0
804 222 0
804 147 0
804 76 0
804 353 0
804 166 0
804 608 0
804 641 0
804 235 0
804 463 0
804 464 0
804 65 0
804 456 0
804 57 0
804 60 0
804 308 0
804 465 0
804 439 0
804 343 0
804 405 0
804 366 0
804 86 0
804 285 0
804 581 0
804 153 0
804 452 0
804 412 0
804 376 0
804 381 0
804 520 0
804 84 0
804 539 0
804 472 0
804 265 0
804 357 0
804 516 0
804 342 0
804 163 0
804 526 0
804 532 0
804 671 0
804 305 0
804 470 0
804 66 0
804 170 0
804 322 0
804 533 0
804 286 0
804 507 0
804 703 0
804 36 0
804 120 0
804 146 0
804 451 0
804 534 0
804 713 0
804 625 0
804 530 0
804 512 0
804 437 0
804 411 0
804 352 0
804 378 0
804 513 0
804 13 0
804 511 0
804 318 0
804 50 0
804 133 0
804 313 0
804 16 0
804 301 0
804 489 0
804 431 0
804 329 0
804 202 0
804 229 0
804 250 0
804 667 0
804 406 0
804 658 0
804 436 0
804 126 0
804 332 0
804 435 0
804 68 0
804 239 0
804 7 0
804 422 0
804 194 0
804 536 0
804 102 0
804 37 0
804 241 0
804 555 0
804 262 0
804 257 0
804 616 0
804 150 0
804 714 0
804 686 0
804 438 0
804 220 0
804 128 0
804 606 0
804 315 0
804 20 0
805 305 0
805 264 0
805 583 0
805 607 0
805 325 0
805 690 0
805 665 0
805 135 0
805 689 0
805 376 0
805 329 0
805 641 0
805 170 0
805 83 0
805 318 0
805 381 0
806 439 0
806 119 0
806 194 0
806 457 0
806 18 0
806 640 0
806 133 0
806 108 0
806 167 0
806 169 0
806 556 0
806 697 0
806 143 0
806 124 0
806 391 0
806 94 0
806 329 0
806 676 0
806 512 0
806 230 0
806 506 0
806 373 0
806 226 0
806 305 0
806 440 0
806 130 0
806 168 0
806 73 0
806 251 0
800 114 0
800 514 0
800 641 0
800 7 0
800 270 0
800 203 0
800 251 0
800 193 0
800 590 0
800 330 0
800 583 0
800 508 0
800 17 0
800 170 0
800 288 0
800 724 0
800 79 0
800 66 0
800 664 0
800 472 0
800 376 0
800 84 0
800 463 0
800 113 0
800 624 0
800 536 0
800 437 0
800 520 0
800 496 0
800 209 0
800 354 0
800 660 0
800 465 0
800 501 0
800 574 0
800 202 0
800 167 0
800 13 0
800 67 0
800 171 0
800 322 0
800 100 0
800 653 0
800 510 0
800 409 0
800 239 0
800 323 0
800 313 0
800 366 0
800 569 0
800 373 0
800 331 0
800 694 0
800 532 0
800 22 0
800 467 0
800 295 0
800 15 0
800 493 0
800 433 0
800 516 0
800 588 0
800 402 0
800 607 0
800 140 0
800 314 0
800 254 0
800 375 0
800 105 0
800 2 0
800 286 0
800 441 0
800 440 0
800 58 0
800 169 0
800 616 0
800 349 0
800 112 0
800 553 0
800 120 0
800 86 0
800 503 0
800 637 0
800 204 0
800 12 0
800 642 0
800 518 0
800 446 0
800 367 0
800 455 0
800 485 0
801 393 0
801 694 0
801 520 0
801 332 0
801 475 0
801 243 0
801 110 0
801 173 0
801 487 0
801 19 0
801 361 0
801 100 0
801 372 0
801 437 0
801 394 0
801 697 0
801 592 0
801 383 0
801 346 0
801 32 0
801 465 0
801 577 0
801 407 0
801 319 0
801 88 0
801 467 0
801 147 0
801 77 0
801 65 0
801 94 0
801 163 0
801 463 0
801 534 0
801 493 0
801 294 0
801 384 0
801 315 0
801 357 0
801 598 0
801 83 0
801 148 0
801 345 0
801 642 0
801 603 0
801 248 0
801 247 0
801 378 0
801 381 0
801 169 0
801 456 0
801 266 0
801 550 0
801 7 0
801 533 0
801 555 0
801 150 0
801 171 0
801 234 0
801 510 0
801 154 0
801 597 0
801 445 0
801 440 0
801 246 0
801 688 0
801 628 0
801 707 0
801 112 0
801 116 0
801 15 0
801 143 0
801 56 0
801 639 0
801 567 0
801 715 0
801 202 0
801 644 0
801 666 0
801 680 0
801 671 0
802 697 0
802 531 0
802 119 0
802 437 0
802 168 0
802 20 0
802 205 0
803 135 0
803 70 0
803 371 0
803 125 0
803 484 0
803 239 0
803 199 0
803 105 0
804 580 0
804 501 0
804 300 0
804 506 0
804 484 0
804 125 0
804 319 0
804 639 0
805 511 0
805 66 0
805 429 0
805 303 0
806 694 0
806 520 0
806 529 0
806 593 0
806 644 0
806 493 0
806 58 0
806 162 0
806 664 0
806 653 0
806 667 0
800 542 0
800 355 0
800 458 0
800 533 0
800 680 0
800 682 0
800 374 0
800 695 0
800 450 0
800 238 0
801 58 0
801 54 0
801 198 0
801 662 0
801 18 0
801 31 0
801 653 0
801 528 0
801 312 0
801 438 0
801 336 0
801 44 0
801 444 0
801 152 0
801 187 0
801 455 0
801 89 0
801 382 0
801 665 0
801 365 0
801 199 0
802 213 0
802 690 0
802 230 0
802 393 0
802 99 0
802 74 0
802 23 0
802 553 0
802 628 0
802 285 0
802 470 0
802 199 0
802 641 0
802 312 0
802 597 0
802 405 0
802 704 0
802 146 0
802 596 0
802 105 0
802 511 0
802 162 0
802 229 0
802 197 0
802 241 0
802 715 0
802 52 0
802 378 0
802 569 0
802 124 0
802 515 0
802 356 0
802 186 0
802 5 0
802 278 0
802 601 0
802 68 0
802 629 0
802 670 0
802 463 0
802 485 0
802 90 0
802 555 0
802 286 0
802 653 0
802 346 0
802 58 0
802 483 0
802 523 0
802 307 0
802 311 0
802 528 0
802 694 0
802 198 0
802 84 0
802 345 0
802 252 0
802 109 0
802 233 0
802 150 0
802 563 0
802 439 0
802 411 0
802 533 0
802 467 0
802 551 0
802 131 0
802 673 0
802 321 0
802 103 0
802 319 0
802 554 0
802 667 0
802 702 0
802 202 0
802 510 0
802 561 0
802 383 0
802 42 0
802 404 0
802 624 0
802 642 0
802 298 0
802 314 0
802 394 0
802 304 0
802 588 0
802 674 0
802 98 0
802 611 0
802 574 0
802 167 0
802 635 0
802 361 0
802 269 0
802 334 0
802 593 0
802 606 0
802 421 0
802 433 0
802 320 0
802 101 0
802 392 0
803 597 0
803 701 0
803 545 0
803 641 0
803 432 0
803 583 0
803 332 0
803 72 0
803 690 0
803 599 0
803 112 0
803 584 0
803 582 0
803 144 0
803 146 0
803 78 0
803 190 0
803 181 0
803 464 0
803 527 0
803 574 0
803 485 0
803 282 0
803 65 0
803 493 0
803 596 0
803 161 0
803 456 0
803 457 0
803 347 0
803 581 0
803 76 0
803 579 0
803 645 0
803 284 0
803 709 0
803 724 0
803 330 0
803 510 0
803 141 0
803 663 0
803 381 0
803 322 0
803 393 0
803 158 0
803 567 0
803 198 0
803 692 0
803 670 0
803 551 0
803 629 0
803 720 0
803 512 0
803 166 0
803 472 0
803 534 0
803 538 0
803 542 0
803 374 0
803 274 0
803 500 0
803 246 0
803 633 0
803 229 0
803 231 0
803 694 0
803 320 0
803 35 0
803 359 0
803 502 0
803 648 0
803 447 0
803 418 0
803 655 0
803 679 0
803 142 0
803 499 0
803 98 0
803 603 0
803 47 0
803 139 0
803 722 0
803 318 0
803 394 0
803 507 0
803 680 0
803 80 0
803 378 0
803 705 0
803 628 0
803 224 0
803 535 0
803 184 0
803 491 0
803 553 0
803 67 0
803 365 0
803 572 0
803 7 0
803 245 0
803 77 0
803 444 0
803 339 0
803 477 0
803 97 0
803 68 0
803 238 0
803 373 0
803 255 0
803 107 0
803 241 0
803 260 0
803 475 0
803 421 0
803 524 0
803 525 0
803 21 0
804 199 0
804 393 0
804 664 0
804 74 0
804 303 0
804 479 0
804 428 0
804 478 0
804 310 0
804 328 0
804 538 0
804 708 0
804 108 0
804 195 0
804 114 0
804 450 0
804 502 0
804 654 0
804 562 0
804 568 0
804 486 0
804 715 0
804 642 0
804 652 0
804 45 0
804 132 0
804 3 0
804 659 0
804 135 0
804 369 0
804 109 0
804 651 0
804 467 0
804 553 0
804 596 0
804 139 0
804 32 0
804 88 0
804 689 0
804 480 0
804 192 0
804 67 0
804 694 0
804 204 0
804 131 0
804 273 0
804 55 0
804 297 0
804 218 0
804 231 0
804 344 0
804 106 0
804 334 0
804 595 0
804 574 0
804 485 0
804 78 0
804 684 0
804 423 0
804 537 0
804 430 0
804 321 0
804 591 0
804 169 0
804 21 0
804 382 0
804 145 0
804 609 0
804 365 0
804 215 0
804 691 0
804 559 0
804 302 0
804 475 0
804 402 0
804 143 0
804 628 0
804 101 0
804 705 0
804 198 0
804 644 0
804 115 0
804 594 0
804 89 0
804 232 0
804 597 0
804 718 0
804 348 0
804 528 0
804 593 0
804 497 0
804 217 0
804 31 0
804 680 0
804 272 0
804 17 0
804 337 0
804 696 0
804 267 0
804 77 0
804 395 0
804 383 0
804 162 0
804 563 0
804 15 0
805 194 0
805 531 0
805 230 0
805 556 0
805 497 0
805 168 0
805 694 0
805 108 0
805 643 0
805 510 0
805 145 0
805 713 0
805 520 0
805 119 0
805 117 0
805 716 0
805 73 0
805 110 0
805 162 0
805 478 0
805 523 0
805 100 0
805 692 0
805 588 0
805 104 0
805 412 0
805 243 0
805 199 0
805 293 0
805 506 0
805 432 0
805 708 0
805 301 0
805 398 0
805 529 0
805 78 0
805 697 0
805 152 0
805 287 0
805 519 0
805 184 0
805 532 0
805 113 0
805 331 0
805 539 0
805 308 0
805 458 0
805 669 0
805 151 0
805 596 0
805 715 0
805 464 0
805 707 0
805 679 0
805 512 0
805 465 0
805 663 0
805 392 0
805 452 0
805 411 0
805 705 0
805 406 0
805 89 0
805 366 0
805 582 0
805 84 0
805 574 0
805 352 0
805 130 0
805 658 0
805 597 0
805 487 0
805 378 0
805 315 0
805 35 0
805 88 0
805 436 0
805 533 0
805 496 0
805 146 0
805 144 0
805 74 0
805 24 0
805 167 0
805 91 0
805 191 0
805 627 0
805 101 0
805 493 0
805 239 0
805 198 0
805 182 0
805 479 0
805 513 0
805 187 0
805 39 0
805 508 0
805 454 0
805 304 0
805 563 0
805 262 0
805 59 0
805 467 0
805 534 0
805 312 0
805 589 0
805 647 0
805 14 0
805 338 0
805 106 0
805 549 0
805 334 0
805 437 0
805 686 0
805 438 0
805 18 0
805 17 0
805 160 0
805 221 0
805 593 0
805 222 0
805 265 0
805 616 0
805 90 0
805 654 0
805 693 0
805 313 0
805 518 0
805 281 0
805 562 0
805 530 0
805 484 0
805 723 0
805 379 0
805 485 0
805 68 0
805 405 0
805 357 0
805 572 0
805 571 0
805 558 0
805 120 0
805 98 0
805 102 0
805 161 0
805 495 0
805 712 0
805 541 0
805 123 0
805 543 0
805 702 0
805 246 0
805 540 0
805 448 0
805 394 0
805 401 0
805 128 0
805 169 0
806 99 0
806 527 0
806 643 0
806 202 0
806 224 0
806 530 0
806 197 0
806 402 0
806 692 0
806 666 0
806 198 0
806 574 0
806 671 0
806 458 0
806 596 0
806 658 0
806 383 0
806 665 0
806 531 0
806 693 0
806 115 0
806 628 0
806 563 0
806 532 0
800 393 0
800 198 0
800 282 0
800 199 0
800 162 0
800 669 0
800 688 0
800 283 0
800 262 0
800 462 0
800 214 0
800 96 0
800 620 0
800 195 0
800 44 0
800 220 0
800 115 0
800 408 0
800 224 0
800 512 0
800 416 0
800 423 0
800 63 0
800 175 0
800 309 0
800 87 0
800 678 0
800 705 0
800 265 0
800 430 0
800 544 0
800 78 0
800 410 0
800 703 0
800 166 0
800 525 0
800 699 0
800 650 0
800 154 0
800 689 0
800 438 0
800 368 0
800 627 0
800 649 0
800 700 0
800 153 0
800 719 0
800 565 0
800 264 0
800 155 0
800 476 0
800 192 0
800 6 0
800 597 0
800 593 0
800 59 0
800 403 0
800 296 0
800 159 0
800 340 0
800 605 0
800 136 0
800 274 0
800 665 0
801 194 0
801 531 0
801 426 0
801 675 0
801 434 0
801 192 0
801 302 0
801 722 0
801 573 0
801 10 0
801 26 0
801 461 0
801 215 0
801 392 0
801 301 0
801 91 0
801 61 0
801 191 0
801 115 0
801 367 0
801 355 0
801 326 0
801 482 0
801 30 0
801 131 0
801 261 0
801 719 0
801 703 0
801 571 0
801 428 0
801 562 0
801 619 0
801 554 0
801 323 0
801 408 0
801 588 0
801 105 0
801 258 0
801 179 0
801 668 0
801 178 0
801 281 0
801 265 0
801 254 0
801 161 0
801 274 0
801 401 0
801 648 0
801 71 0
801 486 0
801 172 0
801 239 0
801 68 0
801 473 0
801 92 0
801 277 0
801 582 0
801 22 0
801 320 0
802 520 0
802 210 0
802 577 0
802 711 0
802 386 0
802 267 0
802 650 0
802 493 0
802 498 0
802 452 0
802 453 0
802 57 0
802 603 0
802 153 0
802 710 0
802 703 0
802 507 0
802 521 0
802 679 0
802 620 0
802 657 0
802 376 0
802 214 0
802 75 0
802 289 0
802 216 0
802 516 0
802 76 0
802 714 0
802 60 0
802 496 0
802 630 0
802 330 0
802 687 0
802 18 0
802 349 0
802 78 0
802 613 0
802 364 0
802 107 0
802 430 0
802 130 0
802 706 0
802 559 0
802 497 0
802 231 0
802 337 0
802 416 0
802 696 0
802 461 0
802 685 0
802 64 0
802 219 0
802 185 0
802 489 0
802 363 0
802 217 0
802 115 0
802 166 0
802 546 0
802 134 0
802 655 0
802 239 0
802 91 0
803 276 0
803 703 0
803 104 0
803 555 0
803 338 0
803 194 0
803 602 0
803 115 0
803 578 0
803 463 0
803 466 0
803 60 0
803 185 0
803 363 0
803 383 0
803 465 0
803 521 0
803 657 0
803 713 0
803 189 0
803 309 0
803 455 0
803 213 0
803 446 0
803 372 0
803 267 0
803 589 0
803 666 0
803 311 0
803 490 0
803 131 0
803 355 0
803 79 0
803 18 0
803 13 0
803 570 0
803 95 0
803 559 0
803 431 0
803 9 0
803 273 0
803 430 0
803 289 0
803 264 0
803 269 0
803 598 0
803 133 0
803 712 0
803 253 0
803 88 0
803 400 0
803 439 0
803 285 0
803 681 0
803 177 0
803 1 0
803 642 0
803 349 0
803 263 0
803 94 0
803 63 0
803 336 0
803 29 0
803 191 0
803 91 0
803 61 0
803 292 0
803 482 0
803 210 0
803 327 0
803 634 0
803 396 0
803 275 0
803 449 0
803 296 0
803 186 0
803 376 0
803 109 0
803 116 0
803 58 0
803 653 0
803 22 0
803 59 0
803 664 0
803 380 0
803 401 0
803 377 0
803 413 0
803 143 0
803 453 0
803 130 0
803 173 0
804 44 0
804 213 0
804 210 0
804 361 0
804 607 0
804 496 0
804 185 0
804 583 0
804 211 0
804 349 0
804 154 0
804 432 0
804 540 0
804 190 0
804 73 0
804 72 0
804 130 0
804 351 0
804 549 0
804 90 0
804 548 0
804 648 0
804 168 0
804 586 0
804 575 0
804 711 0
804 514 0
804 518 0
804 482 0
804 61 0
804 191 0
804 91 0
804 541 0
804 624 0
