805 566 0
805 452 0
805 32 0
805 230 0
805 303 0
805 529 0
805 513 0
805 628 0
805 692 0
805 412 0
805 119 0
805 332 0
805 479 0
805 563 0
805 643 0
805 108 0
800 529 0
800 305 0
800 716 0
800 530 0
800 99 0
800 74 0
800 480 0
800 243 0
800 182 0
800 422 0
800 513 0
800 412 0
800 8 0
800 432 0
800 329 0
800 478 0
800 519 0
800 303 0
800 479 0
800 75 0
800 39 0
800 658 0
800 645 0
800 104 0
800 73 0
800 81 0
800 301 0
800 18 0
800 411 0
800 550 0
800 318 0
800 321 0
800 152 0
800 684 0
800 26 0
800 679 0
800 461 0
800 51 0
800 197 0
800 293 0
801 412 0
801 102 0
801 370 0
801 206 0
801 37 0
801 142 0
801 511 0
801 464 0
801 90 0
801 419 0
801 697 0
801 88 0
801 684 0
801 76 0
801 308 0
801 23 0
801 147 0
801 343 0
801 93 0
801 342 0
801 538 0
801 347 0
801 539 0
801 556 0
801 582 0
801 381 0
801 475 0
801 319 0
801 168 0
801 57 0
801 177 0
801 429 0
801 301 0
801 497 0
801 425 0
801 531 0
801 422 0
801 318 0
801 507 0
801 145 0
801 81 0
801 144 0
801 141 0
801 716 0
801 572 0
801 196 0
801 143 0
801 474 0
801 11 0
801 99 0
801 658 0
801 197 0
801 133 0
801 643 0
801 606 0
801 304 0
801 352 0
801 117 0
801 687 0
801 303 0
801 708 0
801 335 0
801 302 0
801 704 0
801 535 0
801 35 0
801 693 0
801 16 0
801 698 0
801 20 0
801 297 0
801 479 0
801 690 0
801 502 0
801 222 0
801 19 0
801 83 0
801 395 0
801 718 0
802 715 0
802 144 0
802 334 0
802 329 0
802 478 0
802 400 0
802 406 0
802 358 0
802 713 0
802 243 0
802 528 0
802 303 0
802 149 0
802 305 0
802 718 0
802 146 0
802 249 0
802 119 0
802 110 0
802 304 0
802 511 0
802 509 0
802 610 0
802 581 0
802 308 0
802 556 0
802 643 0
802 411 0
802 582 0
802 640 0
802 312 0
802 135 0
802 530 0
802 161 0
802 184 0
802 606 0
802 419 0
802 372 0
802 417 0
802 486 0
802 425 0
802 392 0
802 592 0
802 332 0
802 37 0
803 382 0
803 708 0
803 357 0
803 223 0
803 534 0
803 697 0
803 464 0
803 68 0
803 197 0
803 308 0
803 513 0
803 531 0
803 618 0
803 666 0
803 621 0
803 364 0
803 144 0
803 348 0
803 211 0
803 419 0
803 631 0
803 406 0
803 526 0
803 3 0
803 89 0
803 145 0
803 638 0
803 379 0
804 342 0
804 406 0
804 127 0
804 173 0
804 308 0
804 424 0
804 74 0
804 715 0
804 580 0
804 671 0
811 708 0
811 230 0
811 304 0
811 303 0
811 308 0
811 513 0
811 373 0
811 138 0
811 201 0
811 20 0
811 285 0
811 479 0
811 119 0
811 530 0
811 184 0
811 506 0
806 74 0
806 117 0
806 643 0
806 211 0
806 305 0
806 716 0
806 693 0
806 616 0
806 120 0
806 530 0
806 144 0
806 556 0
806 718 0
806 689 0
806 529 0
806 512 0
806 8 0
806 236 0
806 200 0
806 295 0
806 454 0
806 432 0
806 698 0
806 479 0
806 713 0
806 612 0
806 610 0
806 222 0
806 508 0
806 180 0
806 282 0
806 279 0
806 270 0
806 497 0
806 677 0
806 692 0
806 170 0
806 340 0
806 329 0
806 240 0
806 238 0
806 46 0
806 538 0
806 230 0
807 166 0
807 464 0
807 480 0
807 90 0
807 518 0
807 167 0
807 64 0
807 177 0
807 347 0
807 718 0
807 118 0
807 168 0
807 548 0
807 436 0
807 53 0
807 658 0
807 376 0
807 296 0
807 645 0
807 76 0
807 574 0
807 308 0
807 57 0
807 421 0
807 329 0
807 693 0
807 479 0
807 641 0
807 153 0
807 536 0
807 237 0
807 354 0
807 342 0
807 305 0
807 224 0
807 335 0
807 511 0
807 547 0
807 334 0
807 420 0
807 322 0
807 643 0
807 424 0
807 343 0
807 67 0
807 532 0
807 406 0
807 696 0
807 423 0
807 160 0
807 99 0
807 485 0
807 519 0
807 497 0
807 13 0
807 402 0
807 417 0
807 583 0
807 184 0
807 613 0
807 411 0
807 127 0
807 104 0
807 95 0
807 530 0
807 286 0
807 73 0
807 579 0
807 158 0
807 616 0
807 16 0
807 364 0
807 24 0
807 183 0
807 23 0
807 689 0
807 321 0
807 81 0
807 640 0
807 285 0
807 556 0
807 328 0
807 197 0
807 231 0
807 229 0
807 80 0
807 625 0
807 146 0
807 60 0
808 318 0
808 190 0
808 133 0
808 658 0
808 49 0
808 716 0
808 80 0
808 584 0
808 559 0
808 296 0
808 556 0
808 692 0
808 422 0
808 352 0
808 429 0
808 50 0
808 578 0
808 76 0
808 585 0
808 424 0
808 513 0
808 111 0
808 449 0
808 508 0
808 636 0
808 222 0
808 583 0
808 472 0
808 308 0
808 157 0
808 406 0
808 613 0
808 79 0
808 297 0
808 229 0
808 66 0
808 259 0
808 563 0
808 706 0
808 305 0
808 646 0
809 397 0
809 221 0
809 127 0
809 606 0
809 174 0
809 572 0
809 197 0
809 70 0
809 241 0
809 205 0
809 507 0
809 122 0
809 352 0
809 406 0
809 462 0
809 511 0
809 201 0
809 329 0
809 102 0
809 423 0
809 108 0
809 37 0
809 308 0
809 119 0
809 660 0
809 259 0
809 145 0
809 412 0
809 539 0
810 158 0
810 584 0
810 581 0
810 406 0
810 692 0
810 521 0
810 580 0
817 144 0
817 117 0
817 583 0
817 669 0
817 151 0
817 644 0
817 692 0
817 305 0
817 480 0
817 161 0
817 329 0
817 530 0
817 352 0
812 211 0
812 117 0
812 530 0
812 183 0
812 427 0
812 243 0
812 402 0
812 643 0
812 529 0
812 149 0
812 104 0
812 308 0
812 478 0
812 144 0
812 512 0
812 8 0
812 66 0
812 208 0
812 303 0
812 486 0
812 17 0
812 583 0
812 422 0
812 626 0
812 519 0
812 480 0
812 338 0
812 36 0
812 413 0
812 432 0
812 332 0
812 114 0
812 120 0
812 316 0
812 474 0
812 568 0
812 518 0
812 506 0
812 713 0
812 165 0
812 170 0
812 13 0
812 305 0
812 716 0
812 664 0
812 645 0
812 698 0
813 203 0
813 556 0
813 465 0
813 464 0
813 382 0
813 204 0
813 583 0
813 666 0
813 215 0
813 308 0
813 406 0
813 100 0
813 581 0
813 342 0
813 144 0
813 96 0
813 192 0
813 518 0
813 86 0
813 89 0
813 582 0
813 526 0
813 220 0
813 35 0
813 534 0
813 438 0
813 145 0
813 336 0
813 640 0
813 429 0
813 352 0
813 512 0
813 456 0
813 13 0
813 218 0
813 680 0
813 158 0
813 347 0
813 692 0
813 69 0
813 539 0
813 331 0
813 73 0
813 177 0
813 244 0
813 62 0
813 343 0
813 117 0
813 423 0
813 425 0
813 513 0
813 66 0
813 302 0
813 412 0
813 617 0
813 693 0
813 592 0
813 713 0
813 370 0
813 161 0
813 508 0
813 7 0
813 672 0
813 24 0
813 318 0
813 95 0
813 322 0
813 718 0
813 506 0
813 133 0
813 530 0
813 184 0
813 243 0
813 9 0
813 265 0
813 607 0
813 17 0
813 532 0
813 527 0
813 113 0
813 357 0
814 1 0
814 132 0
814 194 0
814 8 0
814 693 0
814 163 0
814 632 0
814 110 0
814 343 0
814 406 0
814 176 0
814 479 0
814 342 0
814 616 0
814 534 0
814 550 0
814 329 0
814 556 0
814 300 0
814 50 0
814 518 0
814 144 0
814 429 0
814 296 0
814 352 0
814 170 0
814 645 0
814 530 0
814 640 0
815 329 0
815 716 0
815 224 0
815 538 0
815 120 0
815 532 0
815 372 0
815 338 0
815 129 0
815 97 0
815 352 0
815 193 0
815 112 0
815 116 0
815 40 0
815 438 0
815 301 0
815 689 0
815 580 0
815 474 0
815 100 0
815 475 0
815 108 0
815 381 0
815 488 0
815 427 0
815 658 0
815 663 0
815 627 0
815 373 0
815 506 0
815 102 0
815 622 0
815 148 0
815 512 0
816 117 0
816 329 0
816 170 0
816 15 0
816 222 0
816 296 0
823 556 0
823 149 0
823 207 0
823 303 0
823 301 0
823 352 0
823 230 0
823 513 0
823 511 0
823 625 0
823 74 0
823 519 0
823 588 0
823 111 0
818 73 0
818 147 0
818 532 0
818 563 0
818 478 0
818 261 0
818 530 0
818 519 0
818 243 0
818 303 0
818 110 0
818 305 0
818 117 0
818 111 0
818 8 0
818 201 0
818 658 0
818 480 0
818 392 0
818 643 0
818 429 0
818 302 0
818 304 0
818 423 0
818 50 0
818 689 0
818 406 0
818 606 0
818 119 0
818 170 0
818 422 0
818 644 0
818 486 0
818 108 0
818 669 0
818 301 0
818 328 0
818 693 0
818 154 0
818 556 0
818 75 0
818 358 0
818 360 0
819 707 0
819 85 0
819 406 0
819 357 0
819 356 0
819 667 0
819 398 0
819 295 0
819 64 0
819 452 0
819 412 0
819 90 0
819 343 0
819 697 0
819 419 0
819 467 0
819 87 0
819 202 0
819 168 0
819 89 0
819 511 0
819 627 0
819 329 0
819 209 0
819 518 0
819 32 0
819 113 0
819 658 0
819 153 0
819 548 0
819 86 0
819 342 0
819 57 0
819 73 0
819 37 0
819 352 0
819 539 0
819 169 0
819 337 0
819 211 0
819 305 0
819 716 0
819 437 0
819 204 0
819 117 0
819 438 0
819 643 0
819 384 0
819 183 0
819 4 0
819 334 0
819 301 0
819 145 0
819 508 0
819 308 0
819 100 0
819 265 0
819 479 0
819 556 0
819 411 0
819 192 0
819 193 0
819 644 0
819 17 0
819 321 0
819 689 0
819 266 0
819 335 0
819 24 0
819 576 0
819 513 0
819 212 0
819 450 0
819 683 0
819 686 0
819 530 0
819 486 0
820 337 0
820 102 0
820 17 0
820 541 0
820 335 0
820 414 0
820 406 0
820 223 0
820 119 0
820 222 0
820 251 0
820 152 0
820 519 0
820 616 0
820 392 0
820 529 0
820 136 0
820 402 0
820 718 0
820 308 0
820 156 0
820 715 0
820 556 0
820 16 0
820 412 0
820 319 0
821 411 0
821 658 0
821 506 0
821 290 0
821 294 0
821 120 0
821 272 0
821 593 0
821 99 0
821 605 0
821 197 0
821 580 0
821 716 0
821 352 0
821 533 0
821 145 0
821 392 0
821 37 0
822 683 0
822 627 0
822 145 0
822 716 0
822 556 0
822 308 0
822 532 0
822 242 0
822 669 0
822 518 0
822 20 0
822 168 0
822 222 0
822 526 0
829 100 0
829 175 0
829 230 0
829 692 0
829 274 0
829 693 0
829 8 0
829 582 0
829 304 0
829 716 0
829 144 0
824 100 0
824 117 0
824 529 0
824 588 0
824 104 0
824 519 0
824 182 0
824 161 0
824 110 0
824 243 0
824 119 0
824 372 0
824 640 0
824 268 0
824 688 0
824 99 0
824 184 0
824 312 0
824 206 0
824 296 0
824 8 0
824 582 0
824 374 0
824 224 0
824 508 0
824 394 0
824 299 0
824 692 0
824 510 0
824 226 0
824 458 0
824 429 0
824 197 0
824 556 0
824 643 0
824 333 0
824 96 0
824 222 0
824 147 0
825 76 0
825 353 0
825 166 0
825 608 0
825 197 0
825 641 0
825 235 0
825 463 0
825 464 0
825 65 0
825 456 0
825 57 0
825 582 0
825 60 0
825 308 0
825 465 0
825 439 0
825 343 0
825 296 0
825 429 0
825 405 0
825 366 0
825 86 0
825 161 0
825 100 0
825 510 0
825 285 0
825 581 0
825 693 0
825 153 0
825 452 0
825 412 0
825 376 0
825 117 0
825 381 0
825 692 0
825 520 0
825 84 0
825 539 0
825 472 0
825 556 0
825 265 0
825 357 0
825 516 0
825 342 0
825 163 0
825 526 0
825 532 0
825 671 0
825 305 0
825 470 0
825 66 0
825 8 0
825 170 0
825 322 0
825 533 0
825 286 0
825 507 0
825 703 0
825 519 0
825 36 0
825 120 0
825 146 0
825 451 0
825 534 0
825 713 0
825 625 0
825 530 0
825 512 0
825 437 0
825 411 0
825 716 0
825 352 0
825 378 0
825 513 0
826 394 0
826 13 0
826 511 0
826 318 0
826 50 0
826 352 0
826 133 0
826 532 0
826 313 0
826 16 0
826 301 0
826 640 0
826 304 0
826 412 0
826 489 0
826 265 0
826 431 0
826 329 0
826 202 0
826 229 0
826 250 0
826 184 0
826 667 0
826 406 0
827 658 0
827 519 0
827 436 0
827 126 0
827 332 0
827 435 0
827 68 0
827 239 0
827 7 0
827 534 0
827 422 0
827 716 0
827 194 0
827 536 0
827 304 0
827 512 0
827 102 0
827 37 0
827 241 0
827 555 0
827 243 0
827 262 0
827 257 0
827 616 0
827 150 0
827 714 0
827 144 0
828 243 0
828 686 0
828 438 0
828 220 0
828 376 0
828 128 0
828 606 0
828 556 0
828 437 0
828 315 0
828 456 0
828 20 0
830 305 0
831 264 0
831 583 0
831 607 0
831 325 0
831 690 0
832 665 0
832 135 0
832 689 0
832 376 0
832 329 0
833 641 0
834 170 0
834 83 0
834 318 0
834 381 0
841 439 0
841 119 0
841 194 0
841 457 0
841 18 0
841 640 0
836 133 0
836 108 0
837 167 0
837 169 0
837 556 0
837 697 0
838 143 0
838 124 0
838 391 0
838 94 0
838 556 0
838 329 0
839 676 0
839 512 0
839 230 0
839 506 0
839 373 0
839 124 0
839 94 0
840 226 0
840 305 0
840 440 0
840 130 0
840 168 0
840 124 0
840 73 0
840 251 0
805 73 0
805 640 0
805 556 0
800 114 0
800 332 0
800 514 0
800 641 0
800 23 0
800 319 0
800 37 0
800 534 0
800 7 0
800 270 0
800 203 0
800 251 0
800 193 0
800 692 0
800 640 0
800 590 0
800 108 0
800 144 0
800 330 0
800 583 0
800 508 0
800 17 0
800 170 0
800 288 0
800 724 0
800 79 0
801 66 0
801 664 0
801 666 0
801 472 0
801 376 0
801 89 0
801 84 0
801 463 0
801 113 0
801 624 0
801 536 0
801 211 0
801 437 0
801 119 0
801 520 0
801 508 0
801 496 0
801 209 0
801 354 0
801 660 0
801 465 0
801 513 0
801 528 0
801 501 0
801 574 0
801 202 0
801 8 0
801 167 0
801 13 0
801 67 0
801 305 0
801 171 0
801 322 0
801 100 0
801 653 0
801 510 0
801 409 0
801 239 0
801 563 0
801 323 0
801 313 0
801 366 0
801 569 0
801 373 0
801 331 0
801 694 0
801 692 0
801 621 0
801 329 0
801 534 0
801 580 0
801 532 0
801 161 0
801 22 0
801 467 0
801 295 0
801 641 0
801 15 0
801 493 0
801 519 0
801 104 0
801 411 0
801 433 0
801 7 0
801 330 0
802 658 0
802 496 0
802 516 0
802 352 0
802 342 0
802 76 0
802 588 0
802 230 0
802 402 0
802 319 0
802 607 0
802 497 0
802 513 0
802 694 0
802 140 0
802 16 0
802 347 0
802 114 0
802 314 0
802 254 0
802 375 0
802 105 0
802 508 0
802 301 0
802 2 0
802 687 0
802 357 0
802 412 0
802 364 0
802 286 0
802 441 0
802 440 0
803 536 0
803 32 0
803 58 0
803 169 0
803 616 0
803 514 0
803 343 0
803 152 0
803 519 0
803 76 0
803 653 0
803 530 0
803 349 0
803 112 0
803 553 0
803 120 0
803 146 0
803 329 0
803 86 0
803 658 0
803 452 0
803 239 0
803 503 0
803 637 0
803 204 0
803 690 0
803 12 0
803 37 0
803 642 0
803 518 0
803 102 0
803 352 0
803 57 0
803 446 0
803 664 0
804 367 0
804 518 0
804 455 0
804 37 0
804 485 0
811 145 0
811 393 0
811 144 0
811 73 0
811 694 0
811 95 0
806 37 0
806 520 0
806 332 0
806 532 0
806 475 0
806 108 0
806 303 0
806 243 0
806 110 0
806 173 0
806 406 0
806 487 0
806 19 0
806 361 0
806 645 0
806 224 0
806 100 0
806 372 0
806 437 0
806 296 0
806 394 0
806 423 0
806 697 0
806 592 0
806 383 0
807 346 0
807 32 0
807 465 0
807 577 0
807 407 0
807 507 0
807 145 0
807 8 0
807 319 0
807 88 0
807 467 0
807 147 0
807 580 0
807 77 0
807 65 0
807 94 0
807 163 0
807 475 0
807 463 0
807 513 0
807 534 0
807 493 0
807 294 0
807 692 0
807 117 0
807 222 0
807 384 0
807 572 0
807 508 0
807 315 0
807 50 0
807 357 0
807 598 0
807 83 0
807 352 0
807 148 0
807 345 0
807 538 0
807 642 0
807 603 0
807 248 0
807 247 0
807 378 0
807 381 0
807 169 0
807 456 0
808 437 0
808 266 0
808 512 0
808 184 0
808 550 0
808 104 0
808 7 0
808 334 0
808 285 0
808 533 0
808 303 0
808 555 0
808 689 0
808 329 0
808 145 0
808 536 0
808 150 0
809 536 0
809 171 0
809 168 0
809 530 0
809 50 0
809 76 0
809 321 0
809 343 0
809 234 0
809 322 0
809 510 0
809 154 0
809 597 0
809 445 0
809 440 0
809 246 0
809 688 0
809 628 0
809 707 0
809 112 0
809 116 0
809 15 0
809 143 0
809 238 0
809 56 0
809 639 0
809 567 0
809 574 0
809 437 0
809 518 0
809 211 0
809 550 0
809 715 0
810 202 0
810 397 0
810 644 0
810 666 0
810 512 0
810 680 0
810 671 0
810 574 0
817 643 0
817 697 0
817 531 0
817 406 0
817 119 0
814 437 0
814 532 0
815 643 0
815 412 0
815 429 0
816 215 0
816 113 0
816 168 0
816 20 0
816 205 0
818 135 0
818 70 0
818 371 0
818 125 0
818 484 0
818 411 0
820 437 0
820 506 0
820 239 0
820 199 0
822 105 0
822 329 0
822 50 0
829 580 0
829 501 0
829 222 0
824 300 0
824 506 0
824 411 0
825 484 0
826 125 0
826 312 0
826 319 0
826 472 0
827 639 0
834 511 0
834 66 0
834 429 0
834 303 0
841 694 0
841 520 0
841 230 0
841 529 0
836 168 0
836 556 0
837 133 0
838 119 0
838 593 0
839 119 0
839 644 0
839 493 0
839 58 0
839 108 0
839 162 0
839 664 0
839 73 0
839 305 0
840 653 0
840 667 0
805 169 0
805 542 0
800 355 0
801 458 0
801 533 0
801 680 0
801 682 0
801 374 0
802 695 0
802 432 0
803 532 0
804 682 0
804 305 0
804 450 0
804 238 0
804 88 0
811 58 0
806 533 0
806 54 0
806 688 0
806 198 0
806 662 0
806 18 0
806 31 0
807 653 0
807 412 0
807 383 0
807 528 0
807 230 0
808 144 0
808 94 0
808 487 0
808 312 0
808 432 0
809 16 0
809 438 0
809 336 0
809 44 0
809 444 0
809 152 0
809 187 0
810 455 0
810 89 0
810 382 0
810 145 0
810 665 0
810 365 0
810 199 0
810 168 0
810 198 0
817 556 0
817 213 0
817 690 0
817 116 0
817 230 0
817 393 0
817 412 0
817 99 0
817 74 0
817 512 0
817 168 0
812 23 0
812 553 0
812 99 0
812 628 0
812 285 0
812 470 0
812 199 0
812 641 0
812 312 0
812 119 0
812 597 0
812 697 0
812 102 0
812 405 0
812 704 0
812 146 0
812 596 0
812 105 0
812 511 0
812 162 0
812 229 0
812 197 0
812 241 0
812 301 0
812 50 0
812 715 0
812 669 0
812 52 0
812 89 0
812 378 0
812 569 0
812 124 0
812 515 0
813 356 0
813 186 0
813 5 0
813 278 0
813 601 0
813 68 0
813 629 0
813 670 0
813 124 0
813 478 0
813 463 0
813 485 0
813 90 0
813 555 0
813 519 0
813 286 0
813 653 0
813 346 0
813 305 0
813 58 0
813 483 0
813 372 0
813 8 0
813 523 0
813 303 0
813 716 0
813 307 0
813 329 0
813 311 0
813 197 0
813 528 0
813 694 0
813 663 0
813 211 0
813 198 0
813 658 0
813 84 0
813 345 0
813 252 0
813 641 0
813 116 0
813 109 0
813 233 0
813 150 0
813 563 0
813 643 0
813 439 0
813 102 0
813 74 0
813 99 0
813 241 0
813 411 0
813 533 0
813 301 0
813 467 0
813 551 0
813 131 0
813 673 0
813 321 0
813 103 0
813 319 0
813 689 0
813 193 0
813 20 0
813 163 0
813 596 0
813 554 0
813 667 0
814 641 0
814 302 0
814 702 0
814 202 0
814 510 0
814 146 0
814 308 0
814 478 0
814 561 0
814 402 0
814 20 0
814 383 0
814 464 0
814 42 0
814 404 0
814 658 0
814 117 0
814 624 0
814 512 0
814 554 0
814 642 0
814 519 0
814 298 0
814 314 0
814 697 0
814 373 0
814 224 0
814 563 0
814 669 0
814 553 0
814 644 0
814 716 0
814 423 0
814 394 0
814 66 0
814 304 0
814 588 0
815 406 0
815 674 0
815 229 0
815 104 0
815 596 0
815 645 0
815 518 0
815 98 0
815 611 0
815 574 0
815 167 0
815 192 0
815 8 0
815 356 0
815 635 0
815 361 0
815 269 0
815 511 0
815 463 0
815 286 0
815 334 0
815 50 0
815 593 0
815 606 0
815 304 0
815 553 0
815 421 0
815 15 0
815 433 0
815 432 0
815 198 0
815 320 0
816 116 0
816 101 0
816 104 0
816 211 0
816 392 0
816 198 0
816 199 0
823 108 0
823 110 0
823 406 0
823 533 0
823 412 0
823 597 0
823 701 0
823 305 0
823 479 0
823 251 0
823 716 0
823 545 0
823 392 0
818 697 0
818 479 0
818 412 0
818 641 0
818 432 0
818 223 0
818 533 0
818 583 0
818 616 0
818 506 0
818 597 0
818 332 0
818 321 0
818 72 0
818 690 0
818 199 0
818 599 0
818 112 0
818 584 0
818 582 0
818 144 0
818 146 0
819 78 0
819 190 0
819 181 0
819 222 0
819 464 0
819 527 0
819 574 0
819 485 0
819 282 0
819 65 0
819 597 0
819 493 0
819 596 0
819 480 0
819 161 0
819 456 0
819 457 0
819 526 0
819 532 0
819 347 0
819 581 0
819 76 0
819 579 0
819 645 0
819 284 0
819 709 0
819 724 0
819 330 0
819 510 0
819 141 0
819 663 0
819 381 0
819 322 0
819 393 0
819 158 0
819 567 0
819 198 0
819 692 0
819 110 0
819 670 0
819 551 0
819 629 0
819 720 0
819 512 0
819 166 0
819 506 0
819 99 0
819 472 0
819 534 0
819 538 0
819 542 0
819 478 0
819 374 0
819 50 0
819 274 0
819 500 0
819 641 0
819 246 0
820 532 0
820 530 0
820 145 0
820 100 0
820 633 0
820 229 0
820 231 0
820 694 0
820 169 0
820 464 0
820 230 0
820 202 0
820 480 0
820 320 0
820 35 0
820 108 0
820 359 0
820 502 0
820 648 0
820 447 0
820 418 0
820 198 0
820 655 0
820 679 0
820 142 0
820 499 0
820 98 0
820 582 0
820 603 0
820 47 0
820 211 0
820 139 0
820 722 0
820 329 0
820 352 0
820 716 0
820 318 0
820 357 0
820 356 0
820 135 0
821 394 0
821 464 0
821 596 0
821 507 0
821 680 0
821 80 0
821 198 0
821 545 0
821 378 0
821 493 0
821 705 0
821 423 0
821 628 0
821 76 0
821 715 0
821 224 0
821 535 0
821 184 0
821 491 0
821 553 0
821 67 0
821 365 0
821 572 0
821 7 0
821 532 0
821 245 0
821 519 0
821 304 0
821 655 0
821 98 0
821 77 0
821 444 0
821 606 0
821 339 0
821 477 0
821 97 0
821 68 0
821 238 0
821 239 0
821 154 0
821 648 0
821 599 0
821 373 0
821 255 0
821 693 0
821 107 0
821 241 0
821 260 0
821 406 0
821 475 0
821 421 0
822 689 0
822 524 0
822 718 0
822 525 0
822 89 0
822 274 0
822 319 0
822 21 0
829 199 0
829 406 0
829 393 0
829 513 0
829 378 0
829 530 0
829 412 0
829 664 0
829 99 0
824 120 0
824 530 0
824 74 0
824 303 0
824 641 0
824 199 0
824 479 0
824 428 0
824 478 0
824 310 0
824 328 0
824 538 0
824 332 0
824 708 0
824 108 0
824 146 0
824 195 0
824 329 0
824 114 0
824 450 0
824 502 0
824 654 0
824 562 0
824 568 0
824 486 0
824 715 0
824 642 0
824 652 0
824 45 0
824 132 0
824 3 0
824 659 0
825 135 0
825 369 0
825 109 0
825 304 0
825 299 0
825 651 0
825 467 0
825 199 0
825 553 0
825 596 0
825 301 0
825 139 0
825 486 0
825 32 0
825 88 0
825 689 0
825 480 0
825 192 0
825 202 0
825 67 0
825 45 0
825 694 0
825 508 0
825 374 0
825 204 0
825 131 0
825 273 0
825 55 0
825 297 0
825 218 0
825 231 0
825 344 0
825 106 0
825 334 0
825 133 0
825 595 0
825 574 0
825 13 0
825 485 0
825 78 0
825 684 0
825 423 0
825 428 0
825 537 0
825 642 0
825 303 0
825 430 0
825 329 0
825 321 0
825 659 0
825 119 0
825 591 0
825 169 0
825 21 0
825 406 0
825 506 0
825 382 0
826 519 0
826 145 0
826 305 0
826 609 0
826 529 0
826 464 0
826 574 0
826 102 0
826 365 0
826 182 0
826 703 0
826 215 0
826 691 0
826 559 0
826 302 0
826 161 0
826 117 0
826 475 0
826 402 0
826 507 0
826 143 0
826 533 0
826 689 0
826 194 0
826 628 0
826 222 0
826 101 0
826 596 0
826 705 0
826 198 0
826 644 0
826 115 0
827 594 0
827 78 0
827 376 0
827 89 0
827 596 0
827 232 0
827 597 0
827 718 0
827 532 0
827 348 0
827 528 0
827 593 0
827 16 0
827 497 0
827 217 0
827 31 0
827 680 0
827 329 0
827 533 0
827 224 0
827 198 0
827 99 0
827 703 0
827 272 0
827 529 0
827 17 0
827 641 0
827 337 0
827 696 0
827 267 0
827 77 0
827 395 0
828 383 0
828 329 0
828 597 0
828 715 0
828 162 0
828 32 0
828 563 0
828 15 0
835 194 0
835 531 0
835 230 0
835 556 0
835 497 0
835 168 0
835 694 0
835 108 0
835 643 0
835 510 0
835 376 0
835 145 0
835 713 0
835 520 0
835 119 0
835 305 0
830 117 0
830 716 0
830 73 0
830 110 0
830 162 0
830 303 0
830 478 0
830 523 0
830 641 0
830 100 0
830 692 0
830 588 0
830 104 0
830 412 0
830 243 0
830 199 0
830 293 0
830 506 0
830 432 0
830 708 0
830 145 0
830 301 0
830 398 0
830 230 0
830 529 0
830 78 0
830 697 0
830 152 0
830 287 0
830 519 0
830 184 0
830 532 0
831 381 0
831 113 0
831 331 0
831 539 0
831 308 0
831 458 0
831 669 0
831 151 0
831 596 0
831 715 0
831 464 0
831 716 0
831 707 0
831 679 0
831 512 0
831 465 0
831 497 0
831 663 0
831 392 0
831 452 0
831 411 0
831 689 0
831 705 0
831 406 0
831 694 0
831 89 0
831 366 0
831 582 0
831 84 0
831 574 0
831 352 0
831 130 0
831 168 0
831 658 0
831 301 0
831 597 0
831 487 0
831 378 0
831 315 0
831 305 0
831 35 0
831 88 0
831 73 0
831 436 0
831 533 0
831 496 0
831 146 0
831 144 0
831 74 0
831 24 0
831 184 0
831 478 0
831 167 0
831 91 0
831 191 0
831 627 0
831 101 0
831 493 0
831 239 0
831 198 0
831 199 0
831 145 0
831 117 0
831 182 0
831 479 0
831 513 0
831 187 0
831 39 0
831 100 0
831 643 0
831 508 0
831 454 0
831 304 0
831 563 0
831 262 0
831 697 0
831 59 0
831 467 0
831 534 0
831 312 0
831 511 0
831 589 0
831 647 0
831 14 0
831 338 0
831 106 0
831 549 0
831 334 0
832 437 0
832 686 0
832 438 0
832 18 0
832 199 0
832 303 0
832 17 0
832 511 0
832 467 0
832 641 0
832 464 0
832 529 0
832 160 0
832 221 0
832 593 0
832 574 0
832 588 0
832 198 0
832 222 0
832 265 0
832 556 0
832 616 0
832 487 0
832 90 0
832 406 0
832 318 0
832 532 0
832 312 0
832 654 0
832 693 0
832 243 0
832 313 0
832 66 0
832 518 0
832 513 0
832 145 0
832 281 0
832 510 0
833 465 0
833 596 0
833 658 0
833 562 0
833 530 0
833 484 0
833 723 0
833 239 0
833 379 0
833 485 0
833 68 0
833 405 0
833 357 0
833 572 0
833 571 0
833 558 0
833 120 0
833 329 0
833 98 0
833 693 0
833 102 0
833 697 0
833 161 0
833 495 0
833 712 0
833 541 0
833 123 0
833 543 0
833 702 0
833 246 0
833 540 0
833 448 0
833 394 0
834 401 0
834 716 0
834 128 0
834 596 0
834 658 0
834 169 0
834 694 0
841 99 0
841 527 0
841 643 0
841 644 0
841 202 0
841 224 0
841 530 0
837 197 0
837 402 0
837 692 0
837 666 0
838 198 0
838 694 0
838 574 0
838 671 0
839 458 0
839 596 0
839 439 0
839 658 0
839 383 0
839 692 0
839 665 0
839 531 0
840 693 0
840 115 0
840 628 0
840 563 0
840 532 0
840 162 0
840 198 0
805 393 0
805 168 0
805 23 0
805 472 0
805 304 0
805 574 0
805 583 0
805 198 0
805 716 0
805 282 0
805 478 0
800 102 0
800 694 0
800 563 0
800 198 0
800 718 0
800 117 0
800 199 0
800 184 0
800 162 0
800 669 0
800 533 0
800 693 0
800 511 0
800 110 0
800 688 0
800 628 0
801 198 0
801 203 0
801 283 0
801 74 0
801 262 0
801 485 0
801 462 0
801 214 0
801 96 0
801 620 0
801 195 0
801 135 0
801 243 0
801 146 0
801 588 0
801 44 0
801 220 0
801 115 0
801 408 0
801 224 0
801 512 0
801 416 0
801 423 0
801 63 0
801 175 0
801 334 0
801 270 0
801 392 0
801 309 0
801 87 0
801 678 0
801 509 0
801 705 0
801 679 0
801 265 0
801 446 0
801 17 0
801 430 0
801 592 0
801 544 0
801 78 0
801 162 0
801 715 0
801 410 0
801 480 0
801 703 0
801 166 0
801 583 0
801 525 0
801 699 0
801 650 0
801 154 0
801 478 0
801 199 0
801 406 0
801 689 0
801 628 0
802 438 0
802 199 0
802 368 0
802 627 0
802 117 0
802 649 0
802 700 0
802 145 0
802 102 0
802 689 0
802 133 0
802 153 0
802 703 0
802 198 0
802 204 0
802 719 0
802 565 0
802 220 0
802 393 0
802 99 0
802 264 0
802 22 0
802 112 0
802 282 0
802 155 0
802 476 0
802 467 0
802 192 0
802 479 0
803 6 0
803 73 0
803 393 0
803 628 0
803 597 0
803 437 0
803 593 0
803 198 0
803 115 0
803 510 0
803 59 0
803 330 0
803 716 0
803 403 0
803 119 0
803 296 0
803 556 0
803 408 0
804 159 0
804 340 0
804 605 0
804 136 0
804 574 0
804 198 0
804 593 0
804 556 0
804 2 0
804 703 0
804 486 0
804 408 0
804 649 0
804 700 0
804 274 0
804 597 0
804 319 0
804 665 0
811 194 0
811 531 0
811 692 0
811 412 0
811 533 0
811 716 0
811 211 0
811 305 0
811 645 0
811 99 0
811 426 0
806 675 0
806 606 0
806 199 0
806 102 0
806 434 0
806 584 0
806 519 0
806 597 0
806 192 0
806 583 0
806 321 0
806 49 0
806 302 0
806 50 0
806 722 0
806 412 0
806 573 0
806 10 0
806 26 0
806 641 0
806 472 0
807 461 0
807 215 0
807 392 0
807 301 0
807 91 0
807 61 0
807 191 0
807 115 0
807 66 0
807 367 0
807 144 0
807 355 0
807 326 0
807 198 0
807 482 0
807 30 0
807 131 0
807 261 0
807 202 0
807 304 0
807 302 0
807 719 0
807 703 0
807 332 0
807 571 0
807 428 0
807 562 0
807 243 0
807 619 0
807 110 0
807 133 0
807 554 0
807 190 0
807 323 0
807 152 0
807 143 0
807 79 0
807 408 0
808 408 0
808 117 0
808 588 0
808 23 0
808 534 0
808 102 0
808 105 0
808 199 0
808 258 0
808 60 0
808 179 0
808 668 0
808 180 0
808 282 0
808 178 0
808 281 0
808 265 0
808 254 0
808 322 0
808 243 0
808 15 0
808 198 0
808 161 0
808 511 0
808 718 0
808 373 0
808 110 0
808 119 0
808 319 0
808 74 0
808 412 0
809 465 0
809 463 0
809 513 0
809 355 0
809 393 0
809 224 0
809 274 0
809 401 0
809 648 0
809 71 0
809 486 0
809 506 0
809 172 0
809 239 0
809 68 0
809 532 0
809 581 0
809 94 0
809 533 0
809 378 0
809 32 0
809 473 0
809 716 0
809 92 0
809 277 0
809 178 0
809 381 0
809 198 0
809 580 0
809 582 0
809 22 0
809 689 0
809 408 0
810 536 0
810 529 0
810 15 0
810 320 0
810 456 0
817 520 0
817 438 0
817 513 0
817 533 0
817 210 0
817 716 0
817 577 0
817 642 0
817 198 0
817 301 0
817 645 0
812 711 0
812 73 0
812 210 0
812 556 0
812 145 0
812 693 0
812 406 0
812 533 0
812 386 0
812 9 0
812 574 0
812 267 0
812 650 0
812 513 0
812 689 0
812 304 0
812 184 0
812 198 0
813 381 0
813 616 0
813 493 0
813 392 0
813 498 0
813 210 0
813 202 0
813 452 0
813 50 0
813 453 0
813 520 0
813 119 0
813 57 0
813 167 0
813 603 0
813 153 0
813 710 0
813 312 0
813 703 0
813 507 0
813 521 0
813 679 0
813 620 0
813 657 0
813 376 0
813 214 0
813 75 0
813 289 0
813 216 0
813 516 0
813 76 0
813 194 0
813 421 0
813 199 0
813 714 0
813 60 0
813 496 0
813 630 0
813 606 0
813 330 0
813 687 0
813 18 0
813 642 0
813 349 0
813 715 0
813 78 0
813 402 0
813 613 0
813 588 0
813 364 0
813 107 0
813 430 0
813 130 0
813 706 0
813 559 0
813 497 0
813 394 0
813 231 0
813 229 0
813 697 0
813 104 0
813 337 0
813 574 0
813 416 0
814 715 0
814 696 0
814 461 0
814 243 0
814 211 0
814 685 0
814 64 0
814 574 0
814 162 0
814 412 0
814 533 0
814 581 0
814 219 0
814 311 0
814 372 0
814 199 0
814 185 0
814 76 0
814 301 0
814 694 0
814 349 0
814 555 0
814 489 0
814 363 0
814 108 0
815 693 0
815 382 0
815 197 0
815 718 0
815 311 0
815 692 0
815 628 0
815 486 0
815 217 0
815 211 0
815 529 0
815 119 0
815 513 0
815 289 0
815 68 0
815 84 0
815 115 0
815 117 0
815 166 0
815 670 0
815 551 0
815 285 0
815 78 0
815 657 0
815 345 0
815 210 0
815 508 0
815 616 0
815 162 0
816 546 0
816 669 0
816 100 0
816 134 0
816 655 0
816 452 0
816 670 0
816 239 0
816 91 0
816 119 0
816 13 0
823 526 0
823 378 0
823 276 0
823 332 0
823 703 0
823 104 0
823 530 0
823 73 0
823 329 0
823 510 0
823 117 0
823 694 0
818 198 0
818 555 0
818 222 0
818 645 0
818 338 0
818 161 0
818 194 0
818 184 0
818 145 0
818 472 0
818 692 0
819 602 0
819 722 0
819 115 0
819 578 0
819 463 0
819 466 0
819 533 0
819 60 0
819 185 0
819 303 0
819 363 0
819 383 0
819 465 0
819 521 0
819 657 0
819 555 0
819 718 0
819 713 0
819 421 0
819 189 0
819 309 0
819 455 0
819 213 0
819 444 0
819 446 0
819 372 0
819 267 0
819 589 0
819 666 0
819 311 0
819 593 0
819 490 0
819 20 0
819 131 0
819 355 0
819 79 0
819 491 0
819 18 0
819 13 0
819 119 0
819 570 0
819 582 0
819 95 0
819 559 0
819 144 0
819 431 0
819 9 0
819 80 0
819 304 0
819 693 0
819 273 0
819 588 0
819 74 0
819 430 0
819 16 0
819 606 0
819 289 0
819 199 0
819 264 0
819 529 0
819 231 0
819 47 0
819 269 0
819 598 0
820 133 0
820 243 0
820 518 0
820 144 0
820 580 0
820 117 0
820 712 0
820 253 0
820 88 0
820 400 0
820 204 0
820 439 0
820 158 0
820 643 0
820 511 0
820 285 0
820 681 0
820 177 0
820 1 0
820 475 0
820 642 0
820 104 0
820 703 0
820 349 0
820 263 0
820 295 0
820 690 0
820 667 0
820 657 0
821 222 0
821 94 0
821 570 0
821 161 0
821 289 0
821 63 0
821 526 0
821 463 0
821 336 0
821 29 0
821 191 0
821 91 0
821 61 0
821 119 0
821 292 0
821 482 0
821 210 0
821 347 0
821 136 0
821 327 0
821 634 0
821 396 0
821 275 0
821 50 0
821 449 0
821 189 0
821 616 0
821 296 0
821 657 0
821 186 0
821 72 0
821 376 0
821 169 0
821 713 0
821 109 0
821 116 0
821 58 0
821 642 0
821 305 0
821 689 0
821 653 0
821 319 0
821 683 0
821 22 0
821 329 0
821 381 0
821 59 0
821 664 0
821 380 0
821 401 0
821 253 0
821 530 0
821 641 0
821 229 0
821 377 0
821 267 0
821 413 0
821 143 0
822 453 0
822 115 0
822 130 0
822 450 0
822 486 0
822 198 0
822 658 0
822 173 0
822 37 0
829 44 0
829 213 0
829 198 0
829 305 0
829 210 0
829 361 0
829 658 0
829 597 0
829 74 0
829 694 0
829 117 0
829 286 0
829 528 0
824 597 0
824 563 0
824 607 0
824 496 0
824 185 0
824 583 0
824 211 0
824 349 0
824 230 0
824 154 0
824 432 0
824 533 0
824 540 0
824 133 0
824 190 0
824 301 0
824 628 0
824 73 0
824 72 0
824 130 0
824 170 0
824 534 0
824 16 0
824 144 0
824 145 0
824 115 0
825 144 0
825 511 0
825 351 0
825 549 0
825 102 0
825 90 0
825 548 0
825 648 0
825 718 0
825 211 0
825 168 0
825 586 0
825 575 0
825 711 0
825 514 0
825 226 0
825 145 0
825 563 0
825 518 0
825 482 0
825 61 0
825 184 0
825 191 0
825 91 0
825 541 0
825 213 0
825 624 0
825 115 0
825 198 0
825 658 0
825 73 0
825 475 0
