805 566 1
805 452 10
805 32 7
805 230 25
805 303 41
805 529 26
805 513 37
805 628 16
805 692 31
805 412 73
805 119 33
805 332 15
805 479 17
805 563 17
805 643 31
805 108 16
800 529 26
800 305 66
800 716 49
800 530 67
800 99 27
800 74 21
800 480 13
800 243 20
800 182 4
800 422 7
800 513 37
800 412 73
800 8 21
800 432 15
800 329 76
800 478 14
800 519 26
800 303 41
800 479 17
800 75 6
800 39 2
800 658 82
800 645 12
800 104 17
800 73 25
800 81 3
800 301 30
800 18 7
800 411 24
800 550 4
800 318 8
800 321 12
800 152 8
800 684 3
800 26 2
800 679 5
800 461 3
800 51 1
800 197 19
800 293 4
801 412 73
801 102 19
801 370 3
801 206 2
801 37 20
801 142 4
801 511 23
801 464 94
801 90 16
801 419 22
801 697 20
801 88 9
801 684 3
801 76 27
801 308 57
801 23 6
801 147 5
801 343 25
801 93 2
801 342 17
801 538 6
801 347 9
801 539 8
801 556 44
801 582 15
801 381 13
801 475 11
801 319 14
801 168 21
801 57 23
801 177 4
801 429 12
801 301 30
801 497 12
801 425 4
801 531 6
801 422 7
801 318 8
801 507 9
801 145 39
801 81 3
801 144 44
801 141 3
801 716 49
801 572 5
801 196 2
801 143 6
801 474 3
801 11 1
801 99 27
801 658 82
801 197 19
801 133 17
801 643 31
801 606 14
801 304 21
801 352 35
801 117 53
801 687 3
801 303 41
801 708 5
801 335 6
801 302 15
801 704 3
801 535 2
801 35 4
801 693 34
801 16 14
801 698 3
801 20 9
801 297 3
801 479 17
801 690 6
801 502 3
801 222 15
801 19 2
801 83 3
801 395 2
801 718 16
802 715 13
802 144 44
802 334 13
802 329 76
802 478 14
802 400 2
802 406 71
802 358 2
802 713 13
802 243 20
802 528 7
802 303 41
802 149 3
802 305 66
802 718 16
802 146 15
802 249 1
802 119 33
802 110 21
802 304 21
802 511 23
802 509 3
802 610 3
802 581 10
802 308 57
802 556 44
802 643 31
802 411 24
802 582 15
802 640 12
802 312 9
802 135 9
802 530 67
802 161 15
802 184 25
802 606 14
802 419 22
802 372 8
802 417 2
802 486 10
802 425 4
802 392 11
802 592 5
802 332 15
802 37 20
803 382 6
803 708 5
803 357 13
803 223 4
803 534 14
803 697 20
803 464 94
803 68 8
803 197 19
803 308 57
803 513 37
803 531 6
803 618 1
803 666 9
803 621 2
803 364 5
803 144 44
803 348 3
803 211 21
803 419 22
803 631 1
803 406 71
803 526 9
803 3 2
803 89 10
803 145 39
803 638 1
803 379 2
804 342 17
804 406 71
804 127 3
804 173 4
804 308 57
804 424 3
804 74 21
804 715 13
804 580 11
804 671 5
811 708 5
811 230 25
811 304 21
811 303 41
811 308 57
811 513 37
811 373 9
811 138 1
811 201 3
811 20 9
811 285 10
811 479 17
811 119 33
811 530 67
811 184 25
811 506 20
806 74 21
806 117 53
806 643 31
806 211 21
806 305 66
806 716 49
806 693 34
806 616 11
806 120 14
806 530 67
806 144 44
806 556 44
806 718 16
806 689 23
806 529 26
806 512 22
806 8 21
806 236 1
806 200 1
806 295 5
806 454 2
806 432 15
806 698 3
806 479 17
806 713 13
806 612 1
806 610 3
806 222 15
806 508 19
806 180 2
806 282 8
806 279 1
806 270 3
806 497 12
806 677 1
806 692 31
806 170 12
806 340 2
806 329 76
806 240 1
806 238 5
806 46 1
806 538 6
806 230 25
807 166 6
807 464 94
807 480 13
807 90 16
807 518 29
807 167 6
807 64 4
807 177 4
807 347 9
807 718 16
807 118 5
807 168 21
807 548 3
807 436 3
807 53 1
807 658 82
807 376 11
807 296 10
807 645 12
807 76 27
807 574 33
807 308 57
807 57 23
807 421 6
807 329 76
807 693 34
807 479 17
807 641 38
807 153 6
807 536 103
807 237 5
807 354 5
807 342 17
807 305 66
807 224 11
807 335 6
807 511 23
807 547 1
807 334 13
807 420 1
807 322 14
807 643 31
807 424 3
807 343 25
807 67 5
807 532 32
807 406 71
807 696 4
807 423 10
807 160 2
807 99 27
807 485 10
807 519 26
807 497 12
807 13 13
807 402 9
807 417 2
807 583 21
807 184 25
807 613 3
807 411 24
807 127 3
807 104 17
807 95 5
807 530 67
807 286 6
807 73 25
807 579 2
807 158 5
807 616 11
807 16 14
807 364 5
807 24 5
807 183 3
807 23 6
807 689 23
807 321 12
807 81 3
807 640 12
807 285 10
807 556 44
807 328 3
807 197 19
807 231 7
807 229 9
807 80 4
807 625 3
807 146 15
807 60 10
808 318 8
808 190 4
808 133 17
808 658 82
808 49 2
808 716 49
808 80 4
808 584 4
808 559 4
808 296 10
808 556 44
808 692 31
808 422 7
808 352 35
808 429 12
808 50 24
808 578 2
808 76 27
808 585 1
808 424 3
808 513 37
808 111 3
808 449 3
808 508 19
808 636 1
808 222 15
808 583 21
808 472 13
808 308 57
808 157 2
808 406 71
808 613 3
808 79 5
808 297 3
808 229 9
808 66 10
808 259 2
808 563 17
808 706 2
808 305 66
808 646 1
809 397 2
809 221 2
809 127 3
809 606 14
809 174 1
809 572 5
809 197 19
809 70 2
809 241 5
809 205 2
809 507 9
809 122 2
809 352 35
809 406 71
809 462 2
809 511 23
809 201 3
809 329 76
809 102 19
809 423 10
809 108 16
809 37 20
809 308 57
809 119 33
809 660 2
809 259 2
809 145 39
809 412 73
809 539 8
810 158 5
810 584 4
810 581 10
810 406 71
810 692 31
810 521 3
810 580 11
817 144 44
817 117 53
817 583 21
817 669 11
817 151 2
817 644 10
817 692 31
817 305 66
817 480 13
817 161 15
817 329 76
817 530 67
817 352 35
812 211 21
812 117 53
812 530 67
812 183 3
812 427 2
812 243 20
812 402 9
812 643 31
812 529 26
812 149 3
812 104 17
812 308 57
812 478 14
812 144 44
812 512 22
812 8 21
812 66 10
812 208 1
812 303 41
812 486 10
812 17 10
812 583 21
812 422 7
812 626 3
812 519 26
812 480 13
812 338 4
812 36 2
812 413 2
812 432 15
812 332 15
812 114 4
812 120 14
812 316 1
812 474 3
812 568 2
812 518 29
812 506 20
812 713 13
812 165 1
812 170 12
812 13 13
812 305 66
812 716 49
812 664 6
812 645 12
812 698 3
813 203 3
813 556 44
813 465 45
813 464 94
813 382 6
813 204 10
813 583 21
813 666 9
813 215 4
813 308 57
813 406 71
813 100 20
813 581 10
813 342 17
813 144 44
813 96 3
813 192 7
813 518 29
813 86 5
813 89 10
813 582 15
813 526 9
813 220 7
813 35 4
813 534 14
813 438 12
813 145 39
813 336 3
813 640 12
813 429 12
813 352 35
813 512 22
813 456 10
813 13 13
813 218 2
813 680 6
813 158 5
813 347 9
813 692 31
813 69 1
813 539 8
813 331 3
813 73 25
813 177 4
813 244 1
813 62 1
813 343 25
813 117 53
813 423 10
813 425 4
813 513 37
813 66 10
813 302 15
813 412 73
813 617 1
813 693 34
813 592 5
813 713 13
813 370 3
813 161 15
813 508 19
813 7 7
813 672 1
813 24 5
813 318 8
813 95 5
813 322 14
813 718 16
813 506 20
813 133 17
813 530 67
813 184 25
813 243 20
813 9 3
813 265 9
813 607 4
813 17 10
813 532 32
813 527 3
813 113 7
813 357 13
814 1 2
814 132 2
814 194 8
814 8 21
814 693 34
814 163 4
814 632 1
814 110 21
814 343 25
814 406 71
814 176 1
814 479 17
814 342 17
814 616 11
814 534 14
814 550 4
814 329 76
814 556 44
814 300 2
814 50 24
814 518 29
814 144 44
814 429 12
814 296 10
814 352 35
814 170 12
814 645 12
814 530 67
814 640 12
815 329 76
815 716 49
815 224 11
815 538 6
815 120 14
815 532 32
815 372 8
815 338 4
815 129 1
815 97 2
815 352 35
815 193 4
815 112 6
815 116 6
815 40 1
815 438 12
815 301 30
815 689 23
815 580 11
815 474 3
815 100 20
815 475 11
815 108 16
815 381 13
815 488 2
815 427 2
815 658 82
815 663 7
815 627 6
815 373 9
815 506 20
815 102 19
815 622 1
815 148 2
815 512 22
816 117 53
816 329 76
816 170 12
816 15 7
816 222 15
816 296 10
823 556 44
823 149 3
823 207 1
823 303 41
823 301 30
823 352 35
823 230 25
823 513 37
823 511 23
823 625 3
823 74 21
823 519 26
823 588 11
823 111 3
818 73 25
818 147 5
818 532 32
818 563 17
818 478 14
818 261 3
818 530 67
818 519 26
818 243 20
818 303 41
818 110 21
818 305 66
818 117 53
818 111 3
818 8 21
818 201 3
818 658 82
818 480 13
818 392 11
818 643 31
818 429 12
818 302 15
818 304 21
818 423 10
818 50 24
818 689 23
818 406 71
818 606 14
818 119 33
818 170 12
818 422 7
818 644 10
818 486 10
818 108 16
818 669 11
818 301 30
818 328 3
818 693 34
818 154 5
818 556 44
818 75 6
818 358 2
818 360 1
819 707 4
819 85 1
819 406 71
819 357 13
819 356 7
819 667 6
819 398 3
819 295 5
819 64 4
819 452 10
819 412 73
819 90 16
819 343 25
819 697 20
819 419 22
819 467 15
819 87 2
819 202 12
819 168 21
819 89 10
819 511 23
819 627 6
819 329 76
819 209 2
819 518 29
819 32 7
819 113 7
819 658 82
819 153 6
819 548 3
819 86 5
819 342 17
819 57 23
819 73 25
819 37 20
819 352 35
819 539 8
819 169 11
819 337 4
819 211 21
819 305 66
819 716 49
819 437 14
819 204 10
819 117 53
819 438 12
819 643 31
819 384 5
819 183 3
819 4 1
819 334 13
819 301 30
819 145 39
819 508 19
819 308 57
819 100 20
819 265 9
819 479 17
819 556 44
819 411 24
819 192 7
819 193 4
819 644 10
819 17 10
819 321 12
819 689 23
819 266 2
819 335 6
819 24 5
819 576 5
819 513 37
819 212 1
819 450 4
819 683 3
819 686 3
819 530 67
819 486 10
820 337 4
820 102 19
820 17 10
820 541 3
820 335 6
820 414 1
820 406 71
820 223 4
820 119 33
820 222 15
820 251 4
820 152 8
820 519 26
820 616 11
820 392 11
820 529 26
820 136 3
820 402 9
820 718 16
820 308 57
820 156 1
820 715 13
820 556 44
820 16 14
820 412 73
820 319 14
821 411 24
821 658 82
821 506 20
821 290 1
821 294 2
821 120 14
821 272 2
821 593 9
821 99 27
821 605 2
821 197 19
821 580 11
821 716 49
821 352 35
821 533 24
821 145 39
821 392 11
821 37 20
822 683 3
822 627 6
822 145 39
822 716 49
822 556 44
822 308 57
822 532 32
822 242 1
822 669 11
822 518 29
822 20 9
822 168 21
822 222 15
822 526 9
829 100 20
829 175 2
829 230 25
829 692 31
829 274 5
829 693 34
829 8 21
829 582 15
829 304 21
829 716 49
829 144 44
824 100 20
824 117 53
824 529 26
824 588 11
824 104 17
824 519 26
824 182 4
824 161 15
824 110 21
824 243 20
824 119 33
824 372 8
824 640 12
824 268 1
824 688 7
824 99 27
824 184 25
824 312 9
824 206 2
824 296 10
824 8 21
824 582 15
824 374 6
824 224 11
824 508 19
824 394 8
824 299 3
824 692 31
824 510 13
824 226 3
824 458 4
824 429 12
824 197 19
824 556 44
824 643 31
824 333 1
824 96 3
824 222 15
824 147 5
825 76 27
825 353 24
825 166 6
825 608 1
825 197 19
825 641 38
825 235 4
825 463 54
825 464 94
825 65 4
825 456 10
825 57 23
825 582 15
825 60 10
825 308 57
825 465 45
825 439 7
825 343 25
825 296 10
825 429 12
825 405 3
825 366 3
825 86 5
825 161 15
825 100 20
825 510 13
825 285 10
825 581 10
825 693 34
825 153 6
825 452 10
825 412 73
825 376 11
825 117 53
825 381 13
825 692 31
825 520 8
825 84 7
825 539 8
825 472 13
825 556 44
825 265 9
825 357 13
825 516 4
825 342 17
825 163 4
825 526 9
825 532 32
825 671 5
825 305 66
825 470 3
825 66 10
825 8 21
825 170 12
825 322 14
825 533 24
825 286 6
825 507 9
825 703 11
825 519 26
825 36 2
825 120 14
825 146 15
825 451 1
825 534 14
825 713 13
825 625 3
825 530 67
825 512 22
825 437 14
825 411 24
825 716 49
825 352 35
825 378 9
825 513 37
826 394 8
826 13 13
826 511 23
826 318 8
826 50 24
826 352 35
826 133 17
826 532 32
826 313 3
826 16 14
826 301 30
826 640 12
826 304 21
826 412 73
826 489 2
826 265 9
826 431 2
826 329 76
826 202 12
826 229 9
826 250 1
826 184 25
826 667 6
826 406 71
827 658 82
827 519 26
827 436 3
827 126 1
827 332 15
827 435 1
827 68 8
827 239 14
827 7 7
827 534 14
827 422 7
827 716 49
827 194 8
827 536 103
827 304 21
827 512 22
827 102 19
827 37 20
827 241 5
827 555 7
827 243 20
827 262 3
827 257 1
827 616 11
827 150 3
827 714 2
827 144 44
828 243 20
828 686 3
828 438 12
828 220 7
828 376 11
828 128 2
828 606 14
828 556 44
828 437 14
828 315 3
828 456 10
828 20 9
830 305 66
831 264 4
831 583 21
831 607 4
831 325 1
831 690 6
832 665 5
832 135 9
832 689 23
832 376 11
832 329 76
833 641 38
834 170 12
834 83 3
834 318 8
834 381 13
841 439 7
841 119 33
841 194 8
841 457 2
841 18 7
841 640 12
836 133 17
836 108 16
837 167 6
837 169 11
837 556 44
837 697 20
838 143 6
838 124 6
838 391 1
838 94 6
838 556 44
838 329 76
839 676 1
839 512 22
839 230 25
839 506 20
839 373 9
839 124 6
839 94 6
840 226 3
840 305 66
840 440 3
840 130 5
840 168 21
840 124 6
840 73 25
840 251 4
805 73 25
805 640 12
805 556 44
800 114 4
800 332 15
800 514 3
800 641 38
800 23 6
800 319 14
800 37 20
800 534 14
800 7 7
800 270 3
800 203 3
800 251 4
800 193 4
800 692 31
800 640 12
800 590 1
800 108 16
800 144 44
800 330 7
800 583 21
800 508 19
800 17 10
800 170 12
800 288 1
800 724 2
800 79 5
801 66 10
801 664 6
801 666 9
801 472 13
801 376 11
801 89 10
801 84 7
801 463 54
801 113 7
801 624 3
801 536 103
801 211 21
801 437 14
801 119 33
801 520 8
801 508 19
801 496 5
801 209 2
801 354 5
801 660 2
801 465 45
801 513 37
801 528 7
801 501 2
801 574 33
801 202 12
801 8 21
801 167 6
801 13 13
801 67 5
801 305 66
801 171 2
801 322 14
801 100 20
801 653 9
801 510 13
801 409 1
801 239 14
801 563 17
801 323 2
801 313 3
801 366 3
801 569 2
801 373 9
801 331 3
801 694 23
801 692 31
801 621 2
801 329 76
801 534 14
801 580 11
801 532 32
801 161 15
801 22 5
801 467 15
801 295 5
801 641 38
801 15 7
801 493 9
801 519 26
801 104 17
801 411 24
801 433 4
801 7 7
801 330 7
802 658 82
802 496 5
802 516 4
802 352 35
802 342 17
802 76 27
802 588 11
802 230 25
802 402 9
802 319 14
802 607 4
802 497 12
802 513 37
802 694 23
802 140 1
802 16 14
802 347 9
802 114 4
802 314 2
802 254 2
802 375 1
802 105 4
802 508 19
802 301 30
802 2 2
802 687 3
802 357 13
802 412 73
802 364 5
802 286 6
802 441 1
802 440 3
803 536 103
803 32 7
803 58 5
803 169 11
803 616 11
803 514 3
803 343 25
803 152 8
803 519 26
803 76 27
803 653 9
803 530 67
803 349 5
803 112 6
803 553 6
803 120 14
803 146 15
803 329 76
803 86 5
803 658 82
803 452 10
803 239 14
803 503 1
803 637 1
803 204 10
803 690 6
803 12 1
803 37 20
803 642 9
803 518 29
803 102 19
803 352 35
803 57 23
803 446 5
803 664 6
804 367 2
804 518 29
804 455 4
804 37 20
804 485 10
811 145 39
811 393 8
811 144 44
811 73 25
811 694 23
811 95 5
806 37 20
806 520 8
806 332 15
806 532 32
806 475 11
806 108 16
806 303 41
806 243 20
806 110 21
806 173 4
806 406 71
806 487 6
806 19 2
806 361 3
806 645 12
806 224 11
806 100 20
806 372 8
806 437 14
806 296 10
806 394 8
806 423 10
806 697 20
806 592 5
806 383 6
807 346 3
807 32 7
807 465 45
807 577 2
807 407 1
807 507 9
807 145 39
807 8 21
807 319 14
807 88 9
807 467 15
807 147 5
807 580 11
807 77 5
807 65 4
807 94 6
807 163 4
807 475 11
807 463 54
807 513 37
807 534 14
807 493 9
807 294 2
807 692 31
807 117 53
807 222 15
807 384 5
807 572 5
807 508 19
807 315 3
807 50 24
807 357 13
807 598 2
807 83 3
807 352 35
807 148 2
807 345 4
807 538 6
807 642 9
807 603 3
807 248 2
807 247 2
807 378 9
807 381 13
807 169 11
807 456 10
808 437 14
808 266 2
808 512 22
808 184 25
808 550 4
808 104 17
808 7 7
808 334 13
808 285 10
808 533 24
808 303 41
808 555 7
808 689 23
808 329 76
808 145 39
808 536 103
808 150 3
809 536 103
809 171 2
809 168 21
809 530 67
809 50 24
809 76 27
809 321 12
809 343 25
809 234 2
809 322 14
809 510 13
809 154 5
809 597 19
809 445 2
809 440 3
809 246 4
809 688 7
809 628 16
809 707 4
809 112 6
809 116 6
809 15 7
809 143 6
809 238 5
809 56 2
809 639 2
809 567 2
809 574 33
809 437 14
809 518 29
809 211 21
809 550 4
809 715 13
810 202 12
810 397 2
810 644 10
810 666 9
810 512 22
810 680 6
810 671 5
810 574 33
817 643 31
817 697 20
817 531 6
817 406 71
817 119 33
814 437 14
814 532 32
815 643 31
815 412 73
815 429 12
816 215 4
816 113 7
816 168 21
816 20 9
816 205 2
818 135 9
818 70 2
818 371 1
818 125 2
818 484 3
818 411 24
820 437 14
820 506 20
820 239 14
820 199 42
822 105 4
822 329 76
822 50 24
829 580 11
829 501 2
829 222 15
824 300 2
824 506 20
824 411 24
825 484 3
826 125 2
826 312 9
826 319 14
826 472 13
827 639 2
834 511 23
834 66 10
834 429 12
834 303 41
841 694 23
841 520 8
841 230 25
841 529 26
836 168 21
836 556 44
837 133 17
838 119 33
838 593 9
839 119 33
839 644 10
839 493 9
839 58 5
839 108 16
839 162 10
839 664 6
839 73 25
839 305 66
840 653 9
840 667 6
805 169 11
805 542 2
800 355 4
801 458 4
801 533 24
801 680 6
801 682 2
801 374 6
802 695 1
802 432 15
803 532 32
804 682 2
804 305 66
804 450 4
804 238 5
804 88 9
811 58 5
806 533 24
806 54 1
806 688 7
806 198 56
806 662 1
806 18 7
806 31 2
807 653 9
807 412 73
807 383 6
807 528 7
807 230 25
808 144 44
808 94 6
808 487 6
808 312 9
808 432 15
809 16 14
809 438 12
809 336 3
809 44 3
809 444 3
809 152 8
809 187 2
810 455 4
810 89 10
810 382 6
810 145 39
810 665 5
810 365 3
810 199 42
810 168 21
810 198 56
817 556 44
817 213 4
817 690 6
817 116 6
817 230 25
817 393 8
817 412 73
817 99 27
817 74 21
817 512 22
817 168 21
812 23 6
812 553 6
812 99 27
812 628 16
812 285 10
812 470 3
812 199 42
812 641 38
812 312 9
812 119 33
812 597 19
812 697 20
812 102 19
812 405 3
812 704 3
812 146 15
812 596 76
812 105 4
812 511 23
812 162 10
812 229 9
812 197 19
812 241 5
812 301 30
812 50 24
812 715 13
812 669 11
812 52 1
812 89 10
812 378 9
812 569 2
812 124 6
812 515 1
813 356 7
813 186 2
813 5 1
813 278 1
813 601 1
813 68 8
813 629 2
813 670 9
813 124 6
813 478 14
813 463 54
813 485 10
813 90 16
813 555 7
813 519 26
813 286 6
813 653 9
813 346 3
813 305 66
813 58 5
813 483 1
813 372 8
813 8 21
813 523 2
813 303 41
813 716 49
813 307 1
813 329 76
813 311 5
813 197 19
813 528 7
813 694 23
813 663 7
813 211 21
813 198 56
813 658 82
813 84 7
813 345 4
813 252 1
813 641 38
813 116 6
813 109 3
813 233 1
813 150 3
813 563 17
813 643 31
813 439 7
813 102 19
813 74 21
813 99 27
813 241 5
813 411 24
813 533 24
813 301 30
813 467 15
813 551 5
813 131 5
813 673 1
813 321 12
813 103 2
813 319 14
813 689 23
813 193 4
813 20 9
813 163 4
813 596 76
813 554 3
813 667 6
814 641 38
814 302 15
814 702 5
814 202 12
814 510 13
814 146 15
814 308 57
814 478 14
814 561 1
814 402 9
814 20 9
814 383 6
814 464 94
814 42 1
814 404 1
814 658 82
814 117 53
814 624 3
814 512 22
814 554 3
814 642 9
814 519 26
814 298 1
814 314 2
814 697 20
814 373 9
814 224 11
814 563 17
814 669 11
814 553 6
814 644 10
814 716 49
814 423 10
814 394 8
814 66 10
814 304 21
814 588 11
815 406 71
815 674 1
815 229 9
815 104 17
815 596 76
815 645 12
815 518 29
815 98 4
815 611 1
815 574 33
815 167 6
815 192 7
815 8 21
815 356 7
815 635 1
815 361 3
815 269 2
815 511 23
815 463 54
815 286 6
815 334 13
815 50 24
815 593 9
815 606 14
815 304 21
815 553 6
815 421 6
815 15 7
815 433 4
815 432 15
815 198 56
815 320 4
816 116 6
816 101 4
816 104 17
816 211 21
816 392 11
816 198 56
816 199 42
823 108 16
823 110 21
823 406 71
823 533 24
823 412 73
823 597 19
823 701 1
823 305 66
823 479 17
823 251 4
823 716 49
823 545 2
823 392 11
818 697 20
818 479 17
818 412 73
818 641 38
818 432 15
818 223 4
818 533 24
818 583 21
818 616 11
818 506 20
818 597 19
818 332 15
818 321 12
818 72 7
818 690 6
818 199 42
818 599 2
818 112 6
818 584 4
818 582 15
818 144 44
818 146 15
819 78 9
819 190 4
819 181 1
819 222 15
819 464 94
819 527 3
819 574 33
819 485 10
819 282 8
819 65 4
819 597 19
819 493 9
819 596 76
819 480 13
819 161 15
819 456 10
819 457 2
819 526 9
819 532 32
819 347 9
819 581 10
819 76 27
819 579 2
819 645 12
819 284 1
819 709 1
819 724 2
819 330 7
819 510 13
819 141 3
819 663 7
819 381 13
819 322 14
819 393 8
819 158 5
819 567 2
819 198 56
819 692 31
819 110 21
819 670 9
819 551 5
819 629 2
819 720 1
819 512 22
819 166 6
819 506 20
819 99 27
819 472 13
819 534 14
819 538 6
819 542 2
819 478 14
819 374 6
819 50 24
819 274 5
819 500 1
819 641 38
819 246 4
820 532 32
820 530 67
820 145 39
820 100 20
820 633 1
820 229 9
820 231 7
820 694 23
820 169 11
820 464 94
820 230 25
820 202 12
820 480 13
820 320 4
820 35 4
820 108 16
820 359 1
820 502 3
820 648 4
820 447 1
820 418 1
820 198 56
820 655 3
820 679 5
820 142 4
820 499 1
820 98 4
820 582 15
820 603 3
820 47 2
820 211 21
820 139 2
820 722 3
820 329 76
820 352 35
820 716 49
820 318 8
820 357 13
820 356 7
820 135 9
821 394 8
821 464 94
821 596 76
821 507 9
821 680 6
821 80 4
821 198 56
821 545 2
821 378 9
821 493 9
821 705 6
821 423 10
821 628 16
821 76 27
821 715 13
821 224 11
821 535 2
821 184 25
821 491 2
821 553 6
821 67 5
821 365 3
821 572 5
821 7 7
821 532 32
821 245 1
821 519 26
821 304 21
821 655 3
821 98 4
821 77 5
821 444 3
821 606 14
821 339 1
821 477 1
821 97 2
821 68 8
821 238 5
821 239 14
821 154 5
821 648 4
821 599 2
821 373 9
821 255 1
821 693 34
821 107 2
821 241 5
821 260 1
821 406 71
821 475 11
821 421 6
822 689 23
822 524 1
822 718 16
822 525 2
822 89 10
822 274 5
822 319 14
822 21 2
829 199 42
829 406 71
829 393 8
829 513 37
829 378 9
829 530 67
829 412 73
829 664 6
829 99 27
824 120 14
824 530 67
824 74 21
824 303 41
824 641 38
824 199 42
824 479 17
824 428 4
824 478 14
824 310 1
824 328 3
824 538 6
824 332 15
824 708 5
824 108 16
824 146 15
824 195 2
824 329 76
824 114 4
824 450 4
824 502 3
824 654 2
824 562 3
824 568 2
824 486 10
824 715 13
824 642 9
824 652 1
824 45 2
824 132 2
824 3 2
824 659 2
825 135 9
825 369 1
825 109 3
825 304 21
825 299 3
825 651 1
825 467 15
825 199 42
825 553 6
825 596 76
825 301 30
825 139 2
825 486 10
825 32 7
825 88 9
825 689 23
825 480 13
825 192 7
825 202 12
825 67 5
825 45 2
825 694 23
825 508 19
825 374 6
825 204 10
825 131 5
825 273 2
825 55 1
825 297 3
825 218 2
825 231 7
825 344 1
825 106 2
825 334 13
825 133 17
825 595 1
825 574 33
825 13 13
825 485 10
825 78 9
825 684 3
825 423 10
825 428 4
825 537 1
825 642 9
825 303 41
825 430 4
825 329 76
825 321 12
825 659 2
825 119 33
825 591 1
825 169 11
825 21 2
825 406 71
825 506 20
825 382 6
826 519 26
826 145 39
826 305 66
826 609 1
826 529 26
826 464 94
826 574 33
826 102 19
826 365 3
826 182 4
826 703 11
826 215 4
826 691 1
826 559 4
826 302 15
826 161 15
826 117 53
826 475 11
826 402 9
826 507 9
826 143 6
826 533 24
826 689 23
826 194 8
826 628 16
826 222 15
826 101 4
826 596 76
826 705 6
826 198 56
826 644 10
826 115 11
827 594 1
827 78 9
827 376 11
827 89 10
827 596 76
827 232 1
827 597 19
827 718 16
827 532 32
827 348 3
827 528 7
827 593 9
827 16 14
827 497 12
827 217 2
827 31 2
827 680 6
827 329 76
827 533 24
827 224 11
827 198 56
827 99 27
827 703 11
827 272 2
827 529 26
827 17 10
827 641 38
827 337 4
827 696 4
827 267 4
827 77 5
827 395 2
828 383 6
828 329 76
828 597 19
828 715 13
828 162 10
828 32 7
828 563 17
828 15 7
835 194 8
835 531 6
835 230 25
835 556 44
835 497 12
835 168 21
835 694 23
835 108 16
835 643 31
835 510 13
835 376 11
835 145 39
835 713 13
835 520 8
835 119 33
835 305 66
830 117 53
830 716 49
830 73 25
830 110 21
830 162 10
830 303 41
830 478 14
830 523 2
830 641 38
830 100 20
830 692 31
830 588 11
830 104 17
830 412 73
830 243 20
830 199 42
830 293 4
830 506 20
830 432 15
830 708 5
830 145 39
830 301 30
830 398 3
830 230 25
830 529 26
830 78 9
830 697 20
830 152 8
830 287 2
830 519 26
830 184 25
830 532 32
831 381 13
831 113 7
831 331 3
831 539 8
831 308 57
831 458 4
831 669 11
831 151 2
831 596 76
831 715 13
831 464 94
831 716 49
831 707 4
831 679 5
831 512 22
831 465 45
831 497 12
831 663 7
831 392 11
831 452 10
831 411 24
831 689 23
831 705 6
831 406 71
831 694 23
831 89 10
831 366 3
831 582 15
831 84 7
831 574 33
831 352 35
831 130 5
831 168 21
831 658 82
831 301 30
831 597 19
831 487 6
831 378 9
831 315 3
831 305 66
831 35 4
831 88 9
831 73 25
831 436 3
831 533 24
831 496 5
831 146 15
831 144 44
831 74 21
831 24 5
831 184 25
831 478 14
831 167 6
831 91 11
831 191 7
831 627 6
831 101 4
831 493 9
831 239 14
831 198 56
831 199 42
831 145 39
831 117 53
831 182 4
831 479 17
831 513 37
831 187 2
831 39 2
831 100 20
831 643 31
831 508 19
831 454 2
831 304 21
831 563 17
831 262 3
831 697 20
831 59 3
831 467 15
831 534 14
831 312 9
831 511 23
831 589 2
831 647 1
831 14 1
831 338 4
831 106 2
831 549 2
831 334 13
832 437 14
832 686 3
832 438 12
832 18 7
832 199 42
832 303 41
832 17 10
832 511 23
832 467 15
832 641 38
832 464 94
832 529 26
832 160 2
832 221 2
832 593 9
832 574 33
832 588 11
832 198 56
832 222 15
832 265 9
832 556 44
832 616 11
832 487 6
832 90 16
832 406 71
832 318 8
832 532 32
832 312 9
832 654 2
832 693 34
832 243 20
832 313 3
832 66 10
832 518 29
832 513 37
832 145 39
832 281 2
832 510 13
833 465 45
833 596 76
833 658 82
833 562 3
833 530 67
833 484 3
833 723 1
833 239 14
833 379 2
833 485 10
833 68 8
833 405 3
833 357 13
833 572 5
833 571 2
833 558 1
833 120 14
833 329 76
833 98 4
833 693 34
833 102 19
833 697 20
833 161 15
833 495 1
833 712 2
833 541 3
833 123 1
833 543 1
833 702 5
833 246 4
833 540 2
833 448 1
833 394 8
834 401 3
834 716 49
834 128 2
834 596 76
834 658 82
834 169 11
834 694 23
841 99 27
841 527 3
841 643 31
841 644 10
841 202 12
841 224 11
841 530 67
837 197 19
837 402 9
837 692 31
837 666 9
838 198 56
838 694 23
838 574 33
838 671 5
839 458 4
839 596 76
839 439 7
839 658 82
839 383 6
839 692 31
839 665 5
839 531 6
840 693 34
840 115 11
840 628 16
840 563 17
840 532 32
840 162 10
840 198 56
805 393 8
805 168 21
805 23 6
805 472 13
805 304 21
805 574 33
805 583 21
805 198 56
805 716 49
805 282 8
805 478 14
800 102 19
800 694 23
800 563 17
800 198 56
800 718 16
800 117 53
800 199 42
800 184 25
800 162 10
800 669 11
800 533 24
800 693 34
800 511 23
800 110 21
800 688 7
800 628 16
801 198 56
801 203 3
801 283 2
801 74 21
801 262 3
801 485 10
801 462 2
801 214 2
801 96 3
801 620 2
801 195 2
801 135 9
801 243 20
801 146 15
801 588 11
801 44 3
801 220 7
801 115 11
801 408 7
801 224 11
801 512 22
801 416 2
801 423 10
801 63 3
801 175 2
801 334 13
801 270 3
801 392 11
801 309 2
801 87 2
801 678 1
801 509 3
801 705 6
801 679 5
801 265 9
801 446 5
801 17 10
801 430 4
801 592 5
801 544 1
801 78 9
801 162 10
801 715 13
801 410 1
801 480 13
801 703 11
801 166 6
801 583 21
801 525 2
801 699 1
801 650 3
801 154 5
801 478 14
801 199 42
801 406 71
801 689 23
801 628 16
802 438 12
802 199 42
802 368 1
802 627 6
802 117 53
802 649 2
802 700 2
802 145 39
802 102 19
802 689 23
802 133 17
802 153 6
802 703 11
802 198 56
802 204 10
802 719 2
802 565 1
802 220 7
802 393 8
802 99 27
802 264 4
802 22 5
802 112 6
802 282 8
802 155 1
802 476 1
802 467 15
802 192 7
802 479 17
803 6 1
803 73 25
803 393 8
803 628 16
803 597 19
803 437 14
803 593 9
803 198 56
803 115 11
803 510 13
803 59 3
803 330 7
803 716 49
803 403 1
803 119 33
803 296 10
803 556 44
803 408 7
804 159 1
804 340 2
804 605 2
804 136 3
804 574 33
804 198 56
804 593 9
804 556 44
804 2 2
804 703 11
804 486 10
804 408 7
804 649 2
804 700 2
804 274 5
804 597 19
804 319 14
804 665 5
811 194 8
811 531 6
811 692 31
811 412 73
811 533 24
811 716 49
811 211 21
811 305 66
811 645 12
811 99 27
811 426 1
806 675 1
806 606 14
806 199 42
806 102 19
806 434 1
806 584 4
806 519 26
806 597 19
806 192 7
806 583 21
806 321 12
806 49 2
806 302 15
806 50 24
806 722 3
806 412 73
806 573 1
806 10 1
806 26 2
806 641 38
806 472 13
807 461 3
807 215 4
807 392 11
807 301 30
807 91 11
807 61 7
807 191 7
807 115 11
807 66 10
807 367 2
807 144 44
807 355 4
807 326 1
807 198 56
807 482 3
807 30 1
807 131 5
807 261 3
807 202 12
807 304 21
807 302 15
807 719 2
807 703 11
807 332 15
807 571 2
807 428 4
807 562 3
807 243 20
807 619 1
807 110 21
807 133 17
807 554 3
807 190 4
807 323 2
807 152 8
807 143 6
807 79 5
807 408 7
808 408 7
808 117 53
808 588 11
808 23 6
808 534 14
808 102 19
808 105 4
808 199 42
808 258 1
808 60 10
808 179 1
808 668 1
808 180 2
808 282 8
808 178 2
808 281 2
808 265 9
808 254 2
808 322 14
808 243 20
808 15 7
808 198 56
808 161 15
808 511 23
808 718 16
808 373 9
808 110 21
808 119 33
808 319 14
808 74 21
808 412 73
809 465 45
809 463 54
809 513 37
809 355 4
809 393 8
809 224 11
809 274 5
809 401 3
809 648 4
809 71 1
809 486 10
809 506 20
809 172 1
809 239 14
809 68 8
809 532 32
809 581 10
809 94 6
809 533 24
809 378 9
809 32 7
809 473 1
809 716 49
809 92 1
809 277 1
809 178 2
809 381 13
809 198 56
809 580 11
809 582 15
809 22 5
809 689 23
809 408 7
810 536 103
810 529 26
810 15 7
810 320 4
810 456 10
817 520 8
817 438 12
817 513 37
817 533 24
817 210 11
817 716 49
817 577 2
817 642 9
817 198 56
817 301 30
817 645 12
812 711 3
812 73 25
812 210 11
812 556 44
812 145 39
812 693 34
812 406 71
812 533 24
812 386 1
812 9 3
812 574 33
812 267 4
812 650 3
812 513 37
812 689 23
812 304 21
812 184 25
812 198 56
813 381 13
813 616 11
813 493 9
813 392 11
813 498 1
813 210 11
813 202 12
813 452 10
813 50 24
813 453 2
813 520 8
813 119 33
813 57 23
813 167 6
813 603 3
813 153 6
813 710 1
813 312 9
813 703 11
813 507 9
813 521 3
813 679 5
813 620 2
813 657 15
813 376 11
813 214 2
813 75 6
813 289 19
813 216 1
813 516 4
813 76 27
813 194 8
813 421 6
813 199 42
813 714 2
813 60 10
813 496 5
813 630 1
813 606 14
813 330 7
813 687 3
813 18 7
813 642 9
813 349 5
813 715 13
813 78 9
813 402 9
813 613 3
813 588 11
813 364 5
813 107 2
813 430 4
813 130 5
813 706 2
813 559 4
813 497 12
813 394 8
813 231 7
813 229 9
813 697 20
813 104 17
813 337 4
813 574 33
813 416 2
814 715 13
814 696 4
814 461 3
814 243 20
814 211 21
814 685 1
814 64 4
814 574 33
814 162 10
814 412 73
814 533 24
814 581 10
814 219 1
814 311 5
814 372 8
814 199 42
814 185 5
814 76 27
814 301 30
814 694 23
814 349 5
814 555 7
814 489 2
814 363 2
814 108 16
815 693 34
815 382 6
815 197 19
815 718 16
815 311 5
815 692 31
815 628 16
815 486 10
815 217 2
815 211 21
815 529 26
815 119 33
815 513 37
815 289 19
815 68 8
815 84 7
815 115 11
815 117 53
815 166 6
815 670 9
815 551 5
815 285 10
815 78 9
815 657 15
815 345 4
815 210 11
815 508 19
815 616 11
815 162 10
816 546 2
816 669 11
816 100 20
816 134 1
816 655 3
816 452 10
816 670 9
816 239 14
816 91 11
816 119 33
816 13 13
823 526 9
823 378 9
823 276 1
823 332 15
823 703 11
823 104 17
823 530 67
823 73 25
823 329 76
823 510 13
823 117 53
823 694 23
818 198 56
818 555 7
818 222 15
818 645 12
818 338 4
818 161 15
818 194 8
818 184 25
818 145 39
818 472 13
818 692 31
819 602 1
819 722 3
819 115 11
819 578 2
819 463 54
819 466 1
819 533 24
819 60 10
819 185 5
819 303 41
819 363 2
819 383 6
819 465 45
819 521 3
819 657 15
819 555 7
819 718 16
819 713 13
819 421 6
819 189 2
819 309 2
819 455 4
819 213 4
819 444 3
819 446 5
819 372 8
819 267 4
819 589 2
819 666 9
819 311 5
819 593 9
819 490 1
819 20 9
819 131 5
819 355 4
819 79 5
819 491 2
819 18 7
819 13 13
819 119 33
819 570 2
819 582 15
819 95 5
819 559 4
819 144 44
819 431 2
819 9 3
819 80 4
819 304 21
819 693 34
819 273 2
819 588 11
819 74 21
819 430 4
819 16 14
819 606 14
819 289 19
819 199 42
819 264 4
819 529 26
819 231 7
819 47 2
819 269 2
819 598 2
820 133 17
820 243 20
820 518 29
820 144 44
820 580 11
820 117 53
820 712 2
820 253 2
820 88 9
820 400 2
820 204 10
820 439 7
820 158 5
820 643 31
820 511 23
820 285 10
820 681 1
820 177 4
820 1 2
820 475 11
820 642 9
820 104 17
820 703 11
820 349 5
820 263 1
820 295 5
820 690 6
820 667 6
820 657 15
821 222 15
821 94 6
821 570 2
821 161 15
821 289 19
821 63 3
821 526 9
821 463 54
821 336 3
821 29 1
821 191 7
821 91 11
821 61 7
821 119 33
821 292 1
821 482 3
821 210 11
821 347 9
821 136 3
821 327 1
821 634 1
821 396 1
821 275 1
821 50 24
821 449 3
821 189 2
821 616 11
821 296 10
821 657 15
821 186 2
821 72 7
821 376 11
821 169 11
821 713 13
821 109 3
821 116 6
821 58 5
821 642 9
821 305 66
821 689 23
821 653 9
821 319 14
821 683 3
821 22 5
821 329 76
821 381 13
821 59 3
821 664 6
821 380 2
821 401 3
821 253 2
821 530 67
821 641 38
821 229 9
821 377 1
821 267 4
821 413 2
821 143 6
822 453 2
822 115 11
822 130 5
822 450 4
822 486 10
822 198 56
822 658 82
822 173 4
822 37 20
829 44 3
829 213 4
829 198 56
829 305 66
829 210 11
829 361 3
829 658 82
829 597 19
829 74 21
829 694 23
829 117 53
829 286 6
829 528 7
824 597 19
824 563 17
824 607 4
824 496 5
824 185 5
824 583 21
824 211 21
824 349 5
824 230 25
824 154 5
824 432 15
824 533 24
824 540 2
824 133 17
824 190 4
824 301 30
824 628 16
824 73 25
824 72 7
824 130 5
824 170 12
824 534 14
824 16 14
824 144 44
824 145 39
824 115 11
825 144 44
825 511 23
825 351 1
825 549 2
825 102 19
825 90 16
825 548 3
825 648 4
825 718 16
825 211 21
825 168 21
825 586 2
825 575 2
825 711 3
825 514 3
825 226 3
825 145 39
825 563 17
825 518 29
825 482 3
825 61 7
825 184 25
825 191 7
825 91 11
825 541 3
825 213 4
825 624 3
825 115 11
825 198 56
825 658 82
825 73 25
825 475 11
