805 566
805 452
805 32
805 230
805 303
805 529
805 513
805 628
805 692
805 412
805 119
805 332
805 479
805 563
805 643
805 108
800 529
800 305
800 716
800 530
800 99
800 74
800 480
800 243
800 182
800 422
800 513
800 412
800 8
800 432
800 329
800 478
800 519
800 303
800 479
800 75
800 39
800 658
800 645
800 104
800 73
800 81
800 301
800 18
800 411
800 550
800 318
800 321
800 152
800 684
800 26
800 679
800 461
800 51
800 197
800 293
801 412
801 102
801 370
801 206
801 37
801 142
801 511
801 464
801 90
801 419
801 697
801 88
801 684
801 76
801 308
801 23
801 147
801 343
801 93
801 342
801 538
801 347
801 539
801 556
801 582
801 381
801 475
801 319
801 168
801 57
801 177
801 429
801 301
801 497
801 425
801 531
801 422
801 318
801 507
801 145
801 81
801 144
801 141
801 716
801 572
801 196
801 143
801 474
801 11
801 99
801 658
801 197
801 133
801 643
801 606
801 304
801 352
801 117
801 687
801 303
801 708
801 335
801 302
801 704
801 535
801 35
801 693
801 16
801 698
801 20
801 297
801 479
801 690
801 502
801 222
801 19
801 83
801 395
801 718
802 715
802 144
802 334
802 329
802 478
802 400
802 406
802 358
802 713
802 243
802 528
802 303
802 149
802 305
802 718
802 146
802 249
802 119
802 110
802 304
802 511
802 509
802 610
802 581
802 308
802 556
802 643
802 411
802 582
802 640
802 312
802 135
802 530
802 161
802 184
802 606
802 419
802 372
802 417
802 486
802 425
802 392
802 592
802 332
802 37
803 382
803 708
803 357
803 223
803 534
803 697
803 464
803 68
803 197
803 308
803 513
803 531
803 618
803 666
803 621
803 364
803 144
803 348
803 211
803 419
803 631
803 406
803 526
803 3
803 89
803 145
803 638
803 379
804 342
804 406
804 127
804 173
804 308
804 424
804 74
804 715
804 580
804 671
805 708
805 304
805 308
805 373
805 138
805 201
805 20
805 285
805 530
805 184
805 506
800 117
800 643
800 211
800 693
800 616
800 120
800 144
800 556
800 718
800 689
800 512
800 236
800 200
800 295
800 454
800 698
800 713
800 612
800 610
800 222
800 508
800 180
800 282
800 279
800 270
800 497
800 677
800 692
800 170
800 340
800 240
800 238
800 46
800 538
800 230
801 166
801 480
801 518
801 167
801 64
801 118
801 548
801 436
801 53
801 376
801 296
801 645
801 574
801 421
801 329
801 641
801 153
801 536
801 237
801 354
801 305
801 224
801 547
801 334
801 420
801 322
801 424
801 67
801 532
801 406
801 696
801 423
801 160
801 485
801 519
801 13
801 402
801 417
801 583
801 184
801 613
801 411
801 127
801 104
801 95
801 530
801 286
801 73
801 579
801 158
801 616
801 364
801 24
801 183
801 689
801 321
801 640
801 285
801 328
801 231
801 229
801 80
801 625
801 146
801 60
802 318
802 190
802 133
802 658
802 49
802 716
802 80
802 584
802 559
802 296
802 692
802 422
802 352
802 429
802 50
802 578
802 76
802 585
802 424
802 513
802 111
802 449
802 508
802 636
802 222
802 583
802 472
802 157
802 613
802 79
802 297
802 229
802 66
802 259
802 563
802 706
802 646
803 397
803 221
803 127
803 606
803 174
803 572
803 70
803 241
803 205
803 507
803 122
803 352
803 462
803 511
803 201
803 329
803 102
803 423
803 108
803 37
803 119
803 660
803 259
803 412
803 539
804 158
804 584
804 581
804 692
804 521
805 144
805 117
805 583
805 669
805 151
805 644
805 305
805 480
805 161
805 329
805 352
800 183
800 427
800 402
800 149
800 308
800 66
800 208
800 486
800 17
800 583
800 626
800 338
800 36
800 413
800 332
800 114
800 316
800 474
800 568
800 518
800 506
800 165
800 13
800 664
801 203
801 465
801 382
801 204
801 666
801 215
801 100
801 581
801 96
801 192
801 86
801 89
801 526
801 220
801 534
801 438
801 336
801 512
801 456
801 218
801 680
801 692
801 69
801 331
801 244
801 62
801 513
801 66
801 617
801 592
801 713
801 161
801 508
801 7
801 672
801 506
801 243
801 9
801 265
801 607
801 17
801 527
801 113
801 357
802 1
802 132
802 194
802 8
802 693
802 163
802 632
802 343
802 176
802 479
802 342
802 616
802 534
802 550
802 300
802 518
802 170
802 645
803 716
803 224
803 538
803 120
803 532
803 372
803 338
803 129
803 97
803 193
803 112
803 116
803 40
803 438
803 301
803 689
803 580
803 474
803 100
803 475
803 381
803 488
803 427
803 658
803 663
803 627
803 373
803 506
803 622
803 148
803 512
804 117
804 329
804 170
804 15
804 222
804 296
805 556
805 149
805 207
805 301
805 511
805 625
805 74
805 519
805 588
805 111
800 147
800 532
800 563
800 261
800 110
800 111
800 201
800 392
800 429
800 302
800 304
800 423
800 50
800 406
800 606
800 119
800 644
800 108
800 669
800 328
800 154
800 358
800 360
801 707
801 85
801 356
801 667
801 398
801 295
801 452
801 467
801 87
801 202
801 627
801 209
801 32
801 169
801 337
801 211
801 437
801 384
801 4
801 193
801 644
801 266
801 576
801 212
801 450
801 683
801 686
801 486
802 337
802 102
802 17
802 541
802 335
802 414
802 223
802 251
802 152
802 519
802 529
802 136
802 402
802 156
802 16
802 412
802 319
803 411
803 290
803 294
803 272
803 593
803 99
803 605
803 533
803 392
804 683
804 627
804 145
804 716
804 556
804 532
804 242
804 669
804 518
804 20
804 168
804 526
805 100
805 175
805 274
805 693
805 8
805 582
805 716
800 100
800 588
800 161
800 372
800 640
800 268
800 688
800 184
800 312
800 206
800 296
800 582
800 374
800 224
800 394
800 299
800 510
800 226
800 458
800 333
800 96
801 353
801 608
801 235
801 463
801 65
801 439
801 405
801 366
801 510
801 520
801 84
801 472
801 516
801 163
801 671
801 470
801 8
801 170
801 533
801 703
801 36
801 120
801 451
801 378
802 394
802 13
802 532
802 313
802 301
802 489
802 265
802 431
802 202
802 250
802 667
803 519
803 436
803 126
803 332
803 435
803 239
803 7
803 422
803 194
803 536
803 304
803 555
803 243
803 262
803 257
803 616
803 150
803 714
804 243
804 686
804 438
804 220
804 376
804 128
804 606
804 437
804 315
804 456
801 264
801 325
802 665
802 689
802 376
803 641
804 83
804 318
804 381
805 439
805 194
805 457
805 18
805 640
800 133
802 143
802 124
802 391
802 94
803 676
803 230
803 124
803 94
804 226
804 305
804 440
804 130
804 124
804 73
804 251
805 73
800 514
800 641
800 23
800 319
800 37
800 534
800 7
800 203
800 251
800 193
800 590
800 330
800 288
800 724
800 79
801 664
801 624
801 119
801 496
801 660
801 528
801 501
801 171
801 653
801 409
801 239
801 563
801 323
801 313
801 569
801 373
801 694
801 621
801 580
801 22
801 15
801 493
801 433
801 330
802 496
802 516
802 588
802 230
802 607
802 497
802 694
802 140
802 347
802 114
802 314
802 254
802 375
802 105
802 2
802 687
802 357
802 364
802 286
802 441
802 440
803 32
803 58
803 169
803 514
803 343
803 152
803 76
803 653
803 530
803 349
803 553
803 146
803 86
803 452
803 503
803 637
803 204
803 690
803 12
803 642
803 518
803 57
803 446
803 664
804 367
804 455
804 37
804 485
805 145
805 393
805 694
805 95
800 520
800 475
800 173
800 487
800 19
800 361
800 437
800 697
800 592
800 383
801 346
801 577
801 407
801 77
801 94
801 294
801 315
801 50
801 598
801 148
801 345
801 642
801 603
801 248
801 247
802 437
802 266
802 512
802 104
802 7
802 285
802 533
802 555
802 145
802 536
802 150
803 171
803 168
803 50
803 321
803 234
803 322
803 510
803 154
803 597
803 445
803 440
803 246
803 688
803 628
803 707
803 15
803 143
803 238
803 56
803 639
803 567
803 574
803 437
803 550
803 715
804 202
804 397
804 644
804 666
804 512
804 680
804 574
805 697
805 531
805 406
803 643
803 429
804 215
804 113
804 205
800 135
800 70
800 371
800 125
800 484
802 506
802 239
802 199
804 105
804 50
805 580
805 501
805 222
800 300
801 484
802 125
804 511
804 66
804 429
804 303
805 520
800 168
802 593
803 644
803 493
803 162
803 73
803 305
804 653
804 667
805 169
805 542
800 355
801 458
801 682
801 374
802 695
802 432
804 682
804 450
804 238
804 88
805 58
800 533
800 54
800 198
800 662
800 31
801 383
801 230
802 487
803 16
803 336
803 44
803 444
803 187
804 89
804 382
804 665
804 365
804 199
804 198
805 213
805 690
805 116
805 99
805 512
805 168
800 553
800 628
800 285
800 470
800 199
800 597
800 102
800 405
800 704
800 146
800 596
800 105
800 511
800 162
800 229
800 241
800 715
800 52
800 89
800 378
800 569
800 124
800 515
801 186
801 5
801 278
801 601
801 68
801 629
801 670
801 124
801 478
801 555
801 58
801 483
801 372
801 523
801 307
801 311
801 663
801 198
801 252
801 116
801 109
801 233
801 150
801 74
801 241
801 551
801 131
801 673
801 103
801 596
801 554
802 641
802 302
802 702
802 510
802 561
802 20
802 383
802 464
802 42
802 404
802 117
802 624
802 554
802 642
802 298
802 697
802 373
802 224
802 669
802 553
802 644
802 423
803 674
803 229
803 104
803 596
803 645
803 98
803 611
803 167
803 192
803 8
803 356
803 635
803 361
803 269
803 463
803 286
803 334
803 421
803 433
803 432
803 198
803 320
804 116
804 101
804 104
804 211
804 392
805 110
805 533
805 597
805 701
805 251
805 545
805 392
800 223
800 72
800 690
800 599
800 112
800 584
801 78
801 190
801 181
801 282
801 597
801 457
801 284
801 709
801 724
801 393
801 567
801 110
801 720
801 542
801 274
801 500
801 246
802 100
802 633
802 231
802 169
802 480
802 320
802 35
802 108
802 359
802 502
802 648
802 447
802 418
802 198
802 655
802 679
802 142
802 499
802 98
802 603
802 47
802 211
802 139
802 722
802 356
803 394
803 680
803 80
803 545
803 378
803 705
803 535
803 184
803 491
803 67
803 365
803 245
803 655
803 77
803 339
803 477
803 648
803 599
803 255
803 693
803 107
803 260
804 689
804 524
804 718
804 525
804 274
804 319
804 21
805 199
805 378
805 664
800 428
800 310
800 708
800 195
800 450
800 502
800 654
800 562
800 642
800 652
800 45
800 132
800 3
800 659
801 135
801 369
801 299
801 651
801 199
801 553
801 139
801 45
801 273
801 55
801 344
801 106
801 595
801 428
801 537
801 430
801 659
801 591
801 21
802 609
802 574
802 365
802 182
802 703
802 215
802 691
802 475
802 507
802 628
802 101
802 596
802 705
802 115
803 594
803 78
803 376
803 232
803 718
803 528
803 497
803 217
803 31
803 703
803 529
803 17
803 337
803 696
803 267
803 395
804 383
804 597
804 162
804 32
804 563
805 497
805 510
805 376
805 713
800 523
800 145
800 398
800 78
800 287
801 669
801 151
801 715
801 679
801 392
801 705
801 130
801 487
801 91
801 191
801 101
801 182
801 187
801 39
801 454
801 262
801 59
801 312
801 589
801 647
801 14
801 338
801 549
802 686
802 438
802 18
802 467
802 160
802 221
802 90
802 654
802 281
803 465
803 562
803 484
803 723
803 485
803 405
803 571
803 558
803 161
803 495
803 712
803 541
803 123
803 543
803 702
803 540
803 448
804 401
804 596
804 658
804 169
804 694
805 527
805 202
805 224
802 671
803 458
803 439
803 383
803 692
803 665
804 693
804 115
804 628
805 23
805 472
805 574
805 198
805 282
805 478
800 694
801 283
801 462
801 214
801 620
801 195
801 588
801 44
801 115
801 408
801 416
801 63
801 175
801 270
801 309
801 678
801 509
801 446
801 544
801 162
801 410
801 525
801 699
801 650
801 154
801 628
802 368
802 627
802 649
802 700
802 153
802 204
802 719
802 565
802 220
802 393
802 99
802 264
802 22
802 112
802 282
802 155
802 476
802 192
803 6
803 393
803 115
803 59
803 330
803 403
803 296
803 556
803 408
804 159
804 340
804 605
804 136
804 593
804 2
804 703
804 486
804 408
804 649
804 700
805 211
805 645
805 426
800 675
800 434
800 192
800 49
800 722
800 573
800 10
800 472
801 461
801 61
801 367
801 355
801 326
801 482
801 30
801 261
801 719
801 332
801 571
801 562
801 619
801 152
801 79
802 408
802 23
802 258
802 60
802 179
802 668
802 180
802 178
802 322
802 15
802 74
803 355
803 274
803 401
803 71
803 486
803 172
803 581
803 473
803 92
803 277
803 178
803 582
803 22
804 536
804 529
804 320
805 438
805 210
805 577
805 642
800 711
800 210
800 386
800 9
800 574
800 267
800 650
801 498
801 210
801 453
801 710
801 521
801 657
801 75
801 289
801 216
801 194
801 714
801 630
801 18
801 349
801 107
801 706
801 559
801 394
802 696
802 461
802 685
802 64
802 162
802 219
802 311
802 185
802 349
802 363
803 311
803 289
803 84
803 117
803 166
803 670
803 551
803 285
803 657
803 345
803 210
803 508
804 546
804 100
804 134
804 655
804 452
804 670
804 239
804 91
804 119
804 13
805 526
805 276
805 703
805 104
800 555
800 194
801 602
801 722
801 578
801 466
801 185
801 363
801 189
801 455
801 213
801 444
801 267
801 593
801 490
801 491
801 570
801 431
801 529
801 47
801 269
802 580
802 712
802 253
802 88
802 439
802 158
802 681
802 177
802 263
802 295
802 690
802 657
803 222
803 570
803 63
803 29
803 191
803 91
803 61
803 292
803 482
803 347
803 136
803 327
803 634
803 396
803 275
803 449
803 189
803 186
803 72
803 713
803 109
803 319
803 683
803 380
803 253
803 377
803 413
804 453
805 44
805 361
805 658
805 286
805 528
800 607
800 496
800 185
800 349
800 540
800 190
800 130
800 16
800 115
801 351
801 648
801 586
801 575
801 711
801 514
801 226
801 541
