805 566 1
805 452 10
805 32 7
805 230 25
805 303 41
805 529 26
805 513 37
805 628 16
805 692 31
805 412 73
805 119 33
805 332 15
805 479 17
805 563 17
805 643 31
805 108 16
800 529 26
800 305 66
800 716 49
800 530 67
800 99 27
800 74 21
800 480 13
800 243 20
800 182 4
800 422 7
800 513 37
800 412 73
800 8 21
800 432 15
800 329 76
800 478 14
800 519 26
800 303 41
800 479 17
800 75 6
800 39 2
800 658 82
800 645 12
800 104 17
800 73 25
800 81 3
800 301 30
800 18 7
800 411 24
800 550 4
800 318 8
800 321 12
800 152 8
800 684 3
800 26 2
800 679 5
800 461 3
800 51 1
800 197 19
800 293 4
801 412 73
801 102 19
801 370 3
801 206 2
801 37 20
801 142 4
801 511 23
801 464 94
801 90 16
801 419 22
801 697 20
801 88 9
801 684 3
801 76 27
801 308 57
801 23 6
801 147 5
801 343 25
801 93 2
801 342 17
801 538 6
801 347 9
801 539 8
801 556 44
801 582 15
801 381 13
801 475 11
801 319 14
801 168 21
801 57 23
801 177 4
801 429 12
801 301 30
801 497 12
801 425 4
801 531 6
801 422 7
801 318 8
801 507 9
801 145 39
801 81 3
801 144 44
801 141 3
801 716 49
801 572 5
801 196 2
801 143 6
801 474 3
801 11 1
801 99 27
801 658 82
801 197 19
801 133 17
801 643 31
801 606 14
801 304 21
801 352 35
801 117 53
801 687 3
801 303 41
801 708 5
801 335 6
801 302 15
801 704 3
801 535 2
801 35 4
801 693 34
801 16 14
801 698 3
801 20 9
801 297 3
801 479 17
801 690 6
801 502 3
801 222 15
801 19 2
801 83 3
801 395 2
801 718 16
802 715 13
802 144 44
802 334 13
802 329 76
802 478 14
802 400 2
802 406 71
802 358 2
802 713 13
802 243 20
802 528 7
802 303 41
802 149 3
802 305 66
802 718 16
802 146 15
802 249 1
802 119 33
802 110 21
802 304 21
802 511 23
802 509 3
802 610 3
802 581 10
802 308 57
802 556 44
802 643 31
802 411 24
802 582 15
802 640 12
802 312 9
802 135 9
802 530 67
802 161 15
802 184 25
802 606 14
802 419 22
802 372 8
802 417 2
802 486 10
802 425 4
802 392 11
802 592 5
802 332 15
802 37 20
803 382 6
803 708 5
803 357 13
803 223 4
803 534 14
803 697 20
803 464 94
803 68 8
803 197 19
803 308 57
803 513 37
803 531 6
803 618 1
803 666 9
803 621 2
803 364 5
803 144 44
803 348 3
803 211 21
803 419 22
803 631 1
803 406 71
803 526 9
803 3 2
803 89 10
803 145 39
803 638 1
803 379 2
804 342 17
804 406 71
804 127 3
804 173 4
804 308 57
804 424 3
804 74 21
804 715 13
804 580 11
804 671 5
805 708 5
805 304 21
805 308 57
805 373 9
805 138 1
805 201 3
805 20 9
805 285 10
805 530 67
805 184 25
805 506 20
800 117 53
800 643 31
800 211 21
800 693 34
800 616 11
800 120 14
800 144 44
800 556 44
800 718 16
800 689 23
800 512 22
800 236 1
800 200 1
800 295 5
800 454 2
800 698 3
800 713 13
800 612 1
800 610 3
800 222 15
800 508 19
800 180 2
800 282 8
800 279 1
800 270 3
800 497 12
800 677 1
800 692 31
800 170 12
800 340 2
800 240 1
800 238 5
800 46 1
800 538 6
800 230 25
801 166 6
801 480 13
801 518 29
801 167 6
801 64 4
801 118 5
801 548 3
801 436 3
801 53 1
801 376 11
801 296 10
801 645 12
801 574 33
801 421 6
801 329 76
801 641 38
801 153 6
801 536 103
801 237 5
801 354 5
801 305 66
801 224 11
801 547 1
801 334 13
801 420 1
801 322 14
801 424 3
801 67 5
801 532 32
801 406 71
801 696 4
801 423 10
801 160 2
801 485 10
801 519 26
801 13 13
801 402 9
801 417 2
801 583 21
801 184 25
801 613 3
801 411 24
801 127 3
801 104 17
801 95 5
801 530 67
801 286 6
801 73 25
801 579 2
801 158 5
801 616 11
801 364 5
801 24 5
801 183 3
801 689 23
801 321 12
801 640 12
801 285 10
801 328 3
801 231 7
801 229 9
801 80 4
801 625 3
801 146 15
801 60 10
802 318 8
802 190 4
802 133 17
802 658 82
802 49 2
802 716 49
802 80 4
802 584 4
802 559 4
802 296 10
802 692 31
802 422 7
802 352 35
802 429 12
802 50 24
802 578 2
802 76 27
802 585 1
802 424 3
802 513 37
802 111 3
802 449 3
802 508 19
802 636 1
802 222 15
802 583 21
802 472 13
802 157 2
802 613 3
802 79 5
802 297 3
802 229 9
802 66 10
802 259 2
802 563 17
802 706 2
802 646 1
803 397 2
803 221 2
803 127 3
803 606 14
803 174 1
803 572 5
803 70 2
803 241 5
803 205 2
803 507 9
803 122 2
803 352 35
803 462 2
803 511 23
803 201 3
803 329 76
803 102 19
803 423 10
803 108 16
803 37 20
803 119 33
803 660 2
803 259 2
803 412 73
803 539 8
804 158 5
804 584 4
804 581 10
804 692 31
804 521 3
805 144 44
805 117 53
805 583 21
805 669 11
805 151 2
805 644 10
805 305 66
805 480 13
805 161 15
805 329 76
805 352 35
800 183 3
800 427 2
800 402 9
800 149 3
800 308 57
800 66 10
800 208 1
800 486 10
800 17 10
800 583 21
800 626 3
800 338 4
800 36 2
800 413 2
800 332 15
800 114 4
800 316 1
800 474 3
800 568 2
800 518 29
800 506 20
800 165 1
800 13 13
800 664 6
801 203 3
801 465 45
801 382 6
801 204 10
801 666 9
801 215 4
801 100 20
801 581 10
801 96 3
801 192 7
801 86 5
801 89 10
801 526 9
801 220 7
801 534 14
801 438 12
801 336 3
801 512 22
801 456 10
801 218 2
801 680 6
801 692 31
801 69 1
801 331 3
801 244 1
801 62 1
801 513 37
801 66 10
801 617 1
801 592 5
801 713 13
801 161 15
801 508 19
801 7 7
801 672 1
801 506 20
801 243 20
801 9 3
801 265 9
801 607 4
801 17 10
801 527 3
801 113 7
801 357 13
802 1 2
802 132 2
802 194 8
802 8 21
802 693 34
802 163 4
802 632 1
802 343 25
802 176 1
802 479 17
802 342 17
802 616 11
802 534 14
802 550 4
802 300 2
802 518 29
802 170 12
802 645 12
803 716 49
803 224 11
803 538 6
803 120 14
803 532 32
803 372 8
803 338 4
803 129 1
803 97 2
803 193 4
803 112 6
803 116 6
803 40 1
803 438 12
803 301 30
803 689 23
803 580 11
803 474 3
803 100 20
803 475 11
803 381 13
803 488 2
803 427 2
803 658 82
803 663 7
803 627 6
803 373 9
803 506 20
803 622 1
803 148 2
803 512 22
804 117 53
804 329 76
804 170 12
804 15 7
804 222 15
804 296 10
805 556 44
805 149 3
805 207 1
805 301 30
805 511 23
805 625 3
805 74 21
805 519 26
805 588 11
805 111 3
800 147 5
800 532 32
800 563 17
800 261 3
800 110 21
800 111 3
800 201 3
800 392 11
800 429 12
800 302 15
800 304 21
800 423 10
800 50 24
800 406 71
800 606 14
800 119 33
800 644 10
800 108 16
800 669 11
800 328 3
800 154 5
800 358 2
800 360 1
801 707 4
801 85 1
801 356 7
801 667 6
801 398 3
801 295 5
801 452 10
801 467 15
801 87 2
801 202 12
801 627 6
801 209 2
801 32 7
801 169 11
801 337 4
801 211 21
801 437 14
801 384 5
801 4 1
801 193 4
801 644 10
801 266 2
801 576 5
801 212 1
801 450 4
801 683 3
801 686 3
801 486 10
802 337 4
802 102 19
802 17 10
802 541 3
802 335 6
802 414 1
802 223 4
802 251 4
802 152 8
802 519 26
802 529 26
802 136 3
802 402 9
802 156 1
802 16 14
802 412 73
802 319 14
803 411 24
803 290 1
803 294 2
803 272 2
803 593 9
803 99 27
803 605 2
803 533 24
803 392 11
804 683 3
804 627 6
804 145 39
804 716 49
804 556 44
804 532 32
804 242 1
804 669 11
804 518 29
804 20 9
804 168 21
804 526 9
805 100 20
805 175 2
805 274 5
805 693 34
805 8 21
805 582 15
805 716 49
800 100 20
800 588 11
800 161 15
800 372 8
800 640 12
800 268 1
800 688 7
800 184 25
800 312 9
800 206 2
800 296 10
800 582 15
800 374 6
800 224 11
800 394 8
800 299 3
800 510 13
800 226 3
800 458 4
800 333 1
800 96 3
801 353 24
801 608 1
801 235 4
801 463 54
801 65 4
801 439 7
801 405 3
801 366 3
801 510 13
801 520 8
801 84 7
801 472 13
801 516 4
801 163 4
801 671 5
801 470 3
801 8 21
801 170 12
801 533 24
801 703 11
801 36 2
801 120 14
801 451 1
801 378 9
802 394 8
802 13 13
802 532 32
802 313 3
802 301 30
802 489 2
802 265 9
802 431 2
802 202 12
802 250 1
802 667 6
803 519 26
803 436 3
803 126 1
803 332 15
803 435 1
803 239 14
803 7 7
803 422 7
803 194 8
803 536 103
803 304 21
803 555 7
803 243 20
803 262 3
803 257 1
803 616 11
803 150 3
803 714 2
804 243 20
804 686 3
804 438 12
804 220 7
804 376 11
804 128 2
804 606 14
804 437 14
804 315 3
804 456 10
801 264 4
801 325 1
802 665 5
802 689 23
802 376 11
803 641 38
804 83 3
804 318 8
804 381 13
805 439 7
805 194 8
805 457 2
805 18 7
805 640 12
800 133 17
802 143 6
802 124 6
802 391 1
802 94 6
803 676 1
803 230 25
803 124 6
803 94 6
804 226 3
804 305 66
804 440 3
804 130 5
804 124 6
804 73 25
804 251 4
805 73 25
800 514 3
800 641 38
800 23 6
800 319 14
800 37 20
800 534 14
800 7 7
800 203 3
800 251 4
800 193 4
800 590 1
800 330 7
800 288 1
800 724 2
800 79 5
801 664 6
801 624 3
801 119 33
801 496 5
801 660 2
801 528 7
801 501 2
801 171 2
801 653 9
801 409 1
801 239 14
801 563 17
801 323 2
801 313 3
801 569 2
801 373 9
801 694 23
801 621 2
801 580 11
801 22 5
801 15 7
801 493 9
801 433 4
801 330 7
802 496 5
802 516 4
802 588 11
802 230 25
802 607 4
802 497 12
802 694 23
802 140 1
802 347 9
802 114 4
802 314 2
802 254 2
802 375 1
802 105 4
802 2 2
802 687 3
802 357 13
802 364 5
802 286 6
802 441 1
802 440 3
803 32 7
803 58 5
803 169 11
803 514 3
803 343 25
803 152 8
803 76 27
803 653 9
803 530 67
803 349 5
803 553 6
803 146 15
803 86 5
803 452 10
803 503 1
803 637 1
803 204 10
803 690 6
803 12 1
803 642 9
803 518 29
803 57 23
803 446 5
803 664 6
804 367 2
804 455 4
804 37 20
804 485 10
805 145 39
805 393 8
805 694 23
805 95 5
800 520 8
800 475 11
800 173 4
800 487 6
800 19 2
800 361 3
800 437 14
800 697 20
800 592 5
800 383 6
801 346 3
801 577 2
801 407 1
801 77 5
801 94 6
801 294 2
801 315 3
801 50 24
801 598 2
801 148 2
801 345 4
801 642 9
801 603 3
801 248 2
801 247 2
802 437 14
802 266 2
802 512 22
802 104 17
802 7 7
802 285 10
802 533 24
802 555 7
802 145 39
802 536 103
802 150 3
803 171 2
803 168 21
803 50 24
803 321 12
803 234 2
803 322 14
803 510 13
803 154 5
803 597 19
803 445 2
803 440 3
803 246 4
803 688 7
803 628 16
803 707 4
803 15 7
803 143 6
803 238 5
803 56 2
803 639 2
803 567 2
803 574 33
803 437 14
803 550 4
803 715 13
804 202 12
804 397 2
804 644 10
804 666 9
804 512 22
804 680 6
804 574 33
805 697 20
805 531 6
805 406 71
803 643 31
803 429 12
804 215 4
804 113 7
804 205 2
800 135 9
800 70 2
800 371 1
800 125 2
800 484 3
802 506 20
802 239 14
802 199 42
804 105 4
804 50 24
805 580 11
805 501 2
805 222 15
800 300 2
801 484 3
802 125 2
804 511 23
804 66 10
804 429 12
804 303 41
805 520 8
800 168 21
802 593 9
803 644 10
803 493 9
803 162 10
803 73 25
803 305 66
804 653 9
804 667 6
805 169 11
805 542 2
800 355 4
801 458 4
801 682 2
801 374 6
802 695 1
802 432 15
804 682 2
804 450 4
804 238 5
804 88 9
805 58 5
800 533 24
800 54 1
800 198 56
800 662 1
800 31 2
801 383 6
801 230 25
802 487 6
803 16 14
803 336 3
803 44 3
803 444 3
803 187 2
804 89 10
804 382 6
804 665 5
804 365 3
804 199 42
804 198 56
805 213 4
805 690 6
805 116 6
805 99 27
805 512 22
805 168 21
800 553 6
800 628 16
800 285 10
800 470 3
800 199 42
800 597 19
800 102 19
800 405 3
800 704 3
800 146 15
800 596 76
800 105 4
800 511 23
800 162 10
800 229 9
800 241 5
800 715 13
800 52 1
800 89 10
800 378 9
800 569 2
800 124 6
800 515 1
801 186 2
801 5 1
801 278 1
801 601 1
801 68 8
801 629 2
801 670 9
801 124 6
801 478 14
801 555 7
801 58 5
801 483 1
801 372 8
801 523 2
801 307 1
801 311 5
801 663 7
801 198 56
801 252 1
801 116 6
801 109 3
801 233 1
801 150 3
801 74 21
801 241 5
801 551 5
801 131 5
801 673 1
801 103 2
801 596 76
801 554 3
802 641 38
802 302 15
802 702 5
802 510 13
802 561 1
802 20 9
802 383 6
802 464 94
802 42 1
802 404 1
802 117 53
802 624 3
802 554 3
802 642 9
802 298 1
802 697 20
802 373 9
802 224 11
802 669 11
802 553 6
802 644 10
802 423 10
803 674 1
803 229 9
803 104 17
803 596 76
803 645 12
803 98 4
803 611 1
803 167 6
803 192 7
803 8 21
803 356 7
803 635 1
803 361 3
803 269 2
803 463 54
803 286 6
803 334 13
803 421 6
803 433 4
803 432 15
803 198 56
803 320 4
804 116 6
804 101 4
804 104 17
804 211 21
804 392 11
805 110 21
805 533 24
805 597 19
805 701 1
805 251 4
805 545 2
805 392 11
800 223 4
800 72 7
800 690 6
800 599 2
800 112 6
800 584 4
801 78 9
801 190 4
801 181 1
801 282 8
801 597 19
801 457 2
801 284 1
801 709 1
801 724 2
801 393 8
801 567 2
801 110 21
801 720 1
801 542 2
801 274 5
801 500 1
801 246 4
802 100 20
802 633 1
802 231 7
802 169 11
802 480 13
802 320 4
802 35 4
802 108 16
802 359 1
802 502 3
802 648 4
802 447 1
802 418 1
802 198 56
802 655 3
802 679 5
802 142 4
802 499 1
802 98 4
802 603 3
802 47 2
802 211 21
802 139 2
802 722 3
802 356 7
803 394 8
803 680 6
803 80 4
803 545 2
803 378 9
803 705 6
803 535 2
803 184 25
803 491 2
803 67 5
803 365 3
803 245 1
803 655 3
803 77 5
803 339 1
803 477 1
803 648 4
803 599 2
803 255 1
803 693 34
803 107 2
803 260 1
804 689 23
804 524 1
804 718 16
804 525 2
804 274 5
804 319 14
804 21 2
805 199 42
805 378 9
805 664 6
800 428 4
800 310 1
800 708 5
800 195 2
800 450 4
800 502 3
800 654 2
800 562 3
800 642 9
800 652 1
800 45 2
800 132 2
800 3 2
800 659 2
801 135 9
801 369 1
801 299 3
801 651 1
801 199 42
801 553 6
801 139 2
801 45 2
801 273 2
801 55 1
801 344 1
801 106 2
801 595 1
801 428 4
801 537 1
801 430 4
801 659 2
801 591 1
801 21 2
802 609 1
802 574 33
802 365 3
802 182 4
802 703 11
802 215 4
802 691 1
802 475 11
802 507 9
802 628 16
802 101 4
802 596 76
802 705 6
802 115 11
803 594 1
803 78 9
803 376 11
803 232 1
803 718 16
803 528 7
803 497 12
803 217 2
803 31 2
803 703 11
803 529 26
803 17 10
803 337 4
803 696 4
803 267 4
803 395 2
804 383 6
804 597 19
804 162 10
804 32 7
804 563 17
805 497 12
805 510 13
805 376 11
805 713 13
800 523 2
800 145 39
800 398 3
800 78 9
800 287 2
801 669 11
801 151 2
801 715 13
801 679 5
801 392 11
801 705 6
801 130 5
801 487 6
801 91 11
801 191 7
801 101 4
801 182 4
801 187 2
801 39 2
801 454 2
801 262 3
801 59 3
801 312 9
801 589 2
801 647 1
801 14 1
801 338 4
801 549 2
802 686 3
802 438 12
802 18 7
802 467 15
802 160 2
802 221 2
802 90 16
802 654 2
802 281 2
803 465 45
803 562 3
803 484 3
803 723 1
803 485 10
803 405 3
803 571 2
803 558 1
803 161 15
803 495 1
803 712 2
803 541 3
803 123 1
803 543 1
803 702 5
803 540 2
803 448 1
804 401 3
804 596 76
804 658 82
804 169 11
804 694 23
805 527 3
805 202 12
805 224 11
802 671 5
803 458 4
803 439 7
803 383 6
803 692 31
803 665 5
804 693 34
804 115 11
804 628 16
805 23 6
805 472 13
805 574 33
805 198 56
805 282 8
805 478 14
800 694 23
801 283 2
801 462 2
801 214 2
801 620 2
801 195 2
801 588 11
801 44 3
801 115 11
801 408 7
801 416 2
801 63 3
801 175 2
801 270 3
801 309 2
801 678 1
801 509 3
801 446 5
801 544 1
801 162 10
801 410 1
801 525 2
801 699 1
801 650 3
801 154 5
801 628 16
802 368 1
802 627 6
802 649 2
802 700 2
802 153 6
802 204 10
802 719 2
802 565 1
802 220 7
802 393 8
802 99 27
802 264 4
802 22 5
802 112 6
802 282 8
802 155 1
802 476 1
802 192 7
803 6 1
803 393 8
803 115 11
803 59 3
803 330 7
803 403 1
803 296 10
803 556 44
803 408 7
804 159 1
804 340 2
804 605 2
804 136 3
804 593 9
804 2 2
804 703 11
804 486 10
804 408 7
804 649 2
804 700 2
805 211 21
805 645 12
805 426 1
800 675 1
800 434 1
800 192 7
800 49 2
800 722 3
800 573 1
800 10 1
800 472 13
801 461 3
801 61 7
801 367 2
801 355 4
801 326 1
801 482 3
801 30 1
801 261 3
801 719 2
801 332 15
801 571 2
801 562 3
801 619 1
801 152 8
801 79 5
802 408 7
802 23 6
802 258 1
802 60 10
802 179 1
802 668 1
802 180 2
802 178 2
802 322 14
802 15 7
802 74 21
803 355 4
803 274 5
803 401 3
803 71 1
803 486 10
803 172 1
803 581 10
803 473 1
803 92 1
803 277 1
803 178 2
803 582 15
803 22 5
804 536 103
804 529 26
804 320 4
805 438 12
805 210 11
805 577 2
805 642 9
800 711 3
800 210 11
800 386 1
800 9 3
800 574 33
800 267 4
800 650 3
801 498 1
801 210 11
801 453 2
801 710 1
801 521 3
801 657 15
801 75 6
801 289 19
801 216 1
801 194 8
801 714 2
801 630 1
801 18 7
801 349 5
801 107 2
801 706 2
801 559 4
801 394 8
802 696 4
802 461 3
802 685 1
802 64 4
802 162 10
802 219 1
802 311 5
802 185 5
802 349 5
802 363 2
803 311 5
803 289 19
803 84 7
803 117 53
803 166 6
803 670 9
803 551 5
803 285 10
803 657 15
803 345 4
803 210 11
803 508 19
804 546 2
804 100 20
804 134 1
804 655 3
804 452 10
804 670 9
804 239 14
804 91 11
804 119 33
804 13 13
805 526 9
805 276 1
805 703 11
805 104 17
800 555 7
800 194 8
801 602 1
801 722 3
801 578 2
801 466 1
801 185 5
801 363 2
801 189 2
801 455 4
801 213 4
801 444 3
801 267 4
801 593 9
801 490 1
801 491 2
801 570 2
801 431 2
801 529 26
801 47 2
801 269 2
802 580 11
802 712 2
802 253 2
802 88 9
802 439 7
802 158 5
802 681 1
802 177 4
802 263 1
802 295 5
802 690 6
802 657 15
803 222 15
803 570 2
803 63 3
803 29 1
803 191 7
803 91 11
803 61 7
803 292 1
803 482 3
803 347 9
803 136 3
803 327 1
803 634 1
803 396 1
803 275 1
803 449 3
803 189 2
803 186 2
803 72 7
803 713 13
803 109 3
803 319 14
803 683 3
803 380 2
803 253 2
803 377 1
803 413 2
804 453 2
805 44 3
805 361 3
805 658 82
805 286 6
805 528 7
800 607 4
800 496 5
800 185 5
800 349 5
800 540 2
800 190 4
800 130 5
800 16 14
800 115 11
801 351 1
801 648 4
801 586 2
801 575 2
801 711 3
801 514 3
801 226 3
801 541 3
