800 566 1
800 452 10
800 32 7
800 230 25
800 303 41
800 529 26
800 513 37
800 628 16
800 692 31
800 412 73
800 119 33
800 332 15
800 479 17
800 563 17
800 643 31
800 108 16
800 305 66
800 716 49
800 530 67
800 99 27
800 74 21
800 480 13
800 243 20
800 182 4
800 422 7
800 8 21
800 432 15
800 329 76
800 478 14
800 519 26
800 75 6
800 39 2
800 658 82
800 645 12
800 104 17
800 73 25
800 81 3
800 301 30
800 18 7
800 411 24
800 550 4
800 318 8
800 321 12
800 152 8
800 684 3
800 26 2
800 679 5
800 461 3
800 51 1
800 197 19
800 293 4
800 102 19
800 370 3
800 206 2
800 37 20
800 142 4
800 511 23
800 464 94
800 90 16
800 419 22
800 697 20
800 88 9
800 76 27
800 308 57
800 23 6
800 147 5
800 343 25
800 93 2
800 342 17
800 538 6
800 347 9
800 539 8
800 556 44
800 582 15
800 381 13
800 475 11
800 319 14
800 168 21
800 57 23
800 177 4
800 429 12
800 497 12
800 425 4
800 531 6
800 507 9
800 145 39
800 144 44
800 141 3
800 572 5
800 196 2
800 143 6
800 474 3
800 11 1
800 133 17
800 606 14
800 304 21
800 352 35
800 117 53
800 687 3
800 708 5
800 335 6
800 302 15
800 704 3
800 535 2
800 35 4
800 693 34
800 16 14
800 698 3
800 20 9
800 297 3
800 690 6
800 502 3
800 222 15
800 19 2
800 83 3
800 395 2
800 718 16
800 715 13
800 334 13
800 400 2
800 406 71
800 358 2
800 713 13
800 528 7
800 149 3
800 146 15
800 249 1
800 110 21
800 509 3
800 610 3
800 581 10
800 640 12
800 312 9
800 135 9
800 161 15
800 184 25
800 372 8
800 417 2
800 486 10
800 392 11
800 592 5
800 382 6
800 357 13
800 223 4
800 534 14
800 68 8
800 618 1
800 666 9
800 621 2
800 364 5
800 348 3
800 211 21
800 631 1
800 526 9
800 3 2
800 89 10
800 638 1
800 379 2
800 127 3
800 173 4
800 424 3
800 580 11
800 671 5
801 708 5
801 230 25
801 304 21
801 303 41
801 308 57
801 513 37
801 373 9
801 138 1
801 201 3
801 20 9
801 285 10
801 479 17
801 119 33
801 530 67
801 184 25
801 506 20
801 74 21
801 117 53
801 643 31
801 211 21
801 305 66
801 716 49
801 693 34
801 616 11
801 120 14
801 144 44
801 556 44
801 718 16
801 689 23
801 529 26
801 512 22
801 8 21
801 236 1
801 200 1
801 295 5
801 454 2
801 432 15
801 698 3
801 713 13
801 612 1
801 610 3
801 222 15
801 508 19
801 180 2
801 282 8
801 279 1
801 270 3
801 497 12
801 677 1
801 692 31
801 170 12
801 340 2
801 329 76
801 240 1
801 238 5
801 46 1
801 538 6
801 166 6
801 464 94
801 480 13
801 90 16
801 518 29
801 167 6
801 64 4
801 177 4
801 347 9
801 118 5
801 168 21
801 548 3
801 436 3
801 53 1
801 658 82
801 376 11
801 296 10
801 645 12
801 76 27
801 574 33
801 57 23
801 421 6
801 641 38
801 153 6
801 536 103
801 237 5
801 354 5
801 342 17
801 224 11
801 335 6
801 511 23
801 547 1
801 334 13
801 420 1
801 322 14
801 424 3
801 343 25
801 67 5
801 532 32
801 406 71
801 696 4
801 423 10
801 160 2
801 99 27
801 485 10
801 519 26
801 13 13
801 402 9
801 417 2
801 583 21
801 613 3
801 411 24
801 127 3
801 104 17
801 95 5
801 286 6
801 73 25
801 579 2
801 158 5
801 16 14
801 364 5
801 24 5
801 183 3
801 23 6
801 321 12
801 81 3
801 640 12
801 328 3
801 197 19
801 231 7
801 229 9
801 80 4
801 625 3
801 146 15
801 60 10
801 318 8
801 190 4
801 133 17
801 49 2
801 584 4
801 559 4
801 422 7
801 352 35
801 429 12
801 50 24
801 578 2
801 585 1
801 111 3
801 449 3
801 636 1
801 472 13
801 157 2
801 79 5
801 297 3
801 66 10
801 259 2
801 563 17
801 706 2
801 646 1
801 397 2
801 221 2
801 606 14
801 174 1
801 572 5
801 70 2
801 241 5
801 205 2
801 507 9
801 122 2
801 462 2
801 102 19
801 108 16
801 37 20
801 660 2
801 145 39
801 412 73
801 539 8
801 581 10
801 521 3
801 580 11
802 144 44
802 117 53
802 583 21
802 669 11
802 151 2
802 644 10
802 692 31
802 305 66
802 480 13
802 161 15
802 329 76
802 530 67
802 352 35
802 211 21
802 183 3
802 427 2
802 243 20
802 402 9
802 643 31
802 529 26
802 149 3
802 104 17
802 308 57
802 478 14
802 512 22
802 8 21
802 66 10
802 208 1
802 303 41
802 486 10
802 17 10
802 422 7
802 626 3
802 519 26
802 338 4
802 36 2
802 413 2
802 432 15
802 332 15
802 114 4
802 120 14
802 316 1
802 474 3
802 568 2
802 518 29
802 506 20
802 713 13
802 165 1
802 170 12
802 13 13
802 716 49
802 664 6
802 645 12
802 698 3
802 203 3
802 556 44
802 465 45
802 464 94
802 382 6
802 204 10
802 666 9
802 215 4
802 406 71
802 100 20
802 581 10
802 342 17
802 96 3
802 192 7
802 86 5
802 89 10
802 582 15
802 526 9
802 220 7
802 35 4
802 534 14
802 438 12
802 145 39
802 336 3
802 640 12
802 429 12
802 456 10
802 218 2
802 680 6
802 158 5
802 347 9
802 69 1
802 539 8
802 331 3
802 73 25
802 177 4
802 244 1
802 62 1
802 343 25
802 423 10
802 425 4
802 513 37
802 302 15
802 412 73
802 617 1
802 693 34
802 592 5
802 370 3
802 508 19
802 7 7
802 672 1
802 24 5
802 318 8
802 95 5
802 322 14
802 718 16
802 133 17
802 184 25
802 9 3
802 265 9
802 607 4
802 532 32
802 527 3
802 113 7
802 357 13
802 1 2
802 132 2
802 194 8
802 163 4
802 632 1
802 110 21
802 176 1
802 479 17
802 616 11
802 550 4
802 300 2
802 50 24
802 296 10
802 224 11
802 538 6
802 372 8
802 129 1
802 97 2
802 193 4
802 112 6
802 116 6
802 40 1
802 301 30
802 689 23
802 580 11
802 475 11
802 108 16
802 381 13
802 488 2
802 658 82
802 663 7
802 627 6
802 373 9
802 102 19
802 622 1
802 148 2
802 15 7
802 222 15
803 556 44
803 149 3
803 207 1
803 303 41
803 301 30
803 352 35
803 230 25
803 513 37
803 511 23
803 625 3
803 74 21
803 519 26
803 588 11
803 111 3
803 73 25
803 147 5
803 532 32
803 563 17
803 478 14
803 261 3
803 530 67
803 243 20
803 110 21
803 305 66
803 117 53
803 8 21
803 201 3
803 658 82
803 480 13
803 392 11
803 643 31
803 429 12
803 302 15
803 304 21
803 423 10
803 50 24
803 689 23
803 406 71
803 606 14
803 119 33
803 170 12
803 422 7
803 644 10
803 486 10
803 108 16
803 669 11
803 328 3
803 693 34
803 154 5
803 75 6
803 358 2
803 360 1
803 707 4
803 85 1
803 357 13
803 356 7
803 667 6
803 398 3
803 295 5
803 64 4
803 452 10
803 412 73
803 90 16
803 343 25
803 697 20
803 419 22
803 467 15
803 87 2
803 202 12
803 168 21
803 89 10
803 627 6
803 329 76
803 209 2
803 518 29
803 32 7
803 113 7
803 153 6
803 548 3
803 86 5
803 342 17
803 57 23
803 37 20
803 539 8
803 169 11
803 337 4
803 211 21
803 716 49
803 437 14
803 204 10
803 438 12
803 384 5
803 183 3
803 4 1
803 334 13
803 145 39
803 508 19
803 308 57
803 100 20
803 265 9
803 479 17
803 411 24
803 192 7
803 193 4
803 17 10
803 321 12
803 266 2
803 335 6
803 24 5
803 576 5
803 212 1
803 450 4
803 683 3
803 686 3
803 102 19
803 541 3
803 414 1
803 223 4
803 222 15
803 251 4
803 152 8
803 616 11
803 529 26
803 136 3
803 402 9
803 718 16
803 156 1
803 715 13
803 16 14
803 319 14
803 506 20
803 290 1
803 294 2
803 120 14
803 272 2
803 593 9
803 99 27
803 605 2
803 197 19
803 580 11
803 533 24
803 242 1
803 20 9
803 526 9
804 100 20
804 175 2
804 230 25
804 692 31
804 274 5
804 693 34
804 8 21
804 582 15
804 304 21
804 716 49
804 144 44
804 117 53
804 529 26
804 588 11
804 104 17
804 519 26
804 182 4
804 161 15
804 110 21
804 243 20
804 119 33
804 372 8
804 640 12
804 268 1
804 688 7
804 99 27
804 184 25
804 312 9
804 206 2
804 296 10
804 374 6
804 224 11
804 508 19
804 394 8
804 299 3
804 510 13
804 226 3
804 458 4
804 429 12
804 197 19
804 556 44
804 643 31
804 333 1
804 96 3
804 222 15
804 147 5
804 76 27
804 353 24
804 166 6
804 608 1
804 641 38
804 235 4
804 463 54
804 464 94
804 65 4
804 456 10
804 57 23
804 60 10
804 308 57
804 465 45
804 439 7
804 343 25
804 405 3
804 366 3
804 86 5
804 285 10
804 581 10
804 153 6
804 452 10
804 412 73
804 376 11
804 381 13
804 520 8
804 84 7
804 539 8
804 472 13
804 265 9
804 357 13
804 516 4
804 342 17
804 163 4
804 526 9
804 532 32
804 671 5
804 305 66
804 470 3
804 66 10
804 170 12
804 322 14
804 533 24
804 286 6
804 507 9
804 703 11
804 36 2
804 120 14
804 146 15
804 451 1
804 534 14
804 713 13
804 625 3
804 530 67
804 512 22
804 437 14
804 411 24
804 352 35
804 378 9
804 513 37
804 13 13
804 511 23
804 318 8
804 50 24
804 133 17
804 313 3
804 16 14
804 301 30
804 489 2
804 431 2
804 329 76
804 202 12
804 229 9
804 250 1
804 667 6
804 406 71
804 658 82
804 436 3
804 126 1
804 332 15
804 435 1
804 68 8
804 239 14
804 7 7
804 422 7
804 194 8
804 536 103
804 102 19
804 37 20
804 241 5
804 555 7
804 262 3
804 257 1
804 616 11
804 150 3
804 714 2
804 686 3
804 438 12
804 220 7
804 128 2
804 606 14
804 315 3
804 20 9
805 305 66
805 264 4
805 583 21
805 607 4
805 325 1
805 690 6
805 665 5
805 135 9
805 689 23
805 376 11
805 329 76
805 641 38
805 170 12
805 83 3
805 318 8
805 381 13
806 439 7
806 119 33
806 194 8
806 457 2
806 18 7
806 640 12
806 133 17
806 108 16
806 167 6
806 169 11
806 556 44
806 697 20
806 143 6
806 124 6
806 391 1
806 94 6
806 329 76
806 676 1
806 512 22
806 230 25
806 506 20
806 373 9
806 226 3
806 305 66
806 440 3
806 130 5
806 168 21
806 73 25
806 251 4
800 114 4
800 514 3
800 641 38
800 7 7
800 270 3
800 203 3
800 251 4
800 193 4
800 590 1
800 330 7
800 583 21
800 508 19
800 17 10
800 170 12
800 288 1
800 724 2
800 79 5
800 66 10
800 664 6
800 472 13
800 376 11
800 84 7
800 463 54
800 113 7
800 624 3
800 536 103
800 437 14
800 520 8
800 496 5
800 209 2
800 354 5
800 660 2
800 465 45
800 501 2
800 574 33
800 202 12
800 167 6
800 13 13
800 67 5
800 171 2
800 322 14
800 100 20
800 653 9
800 510 13
800 409 1
800 239 14
800 323 2
800 313 3
800 366 3
800 569 2
800 373 9
800 331 3
800 694 23
800 532 32
800 22 5
800 467 15
800 295 5
800 15 7
800 493 9
800 433 4
800 516 4
800 588 11
800 402 9
800 607 4
800 140 1
800 314 2
800 254 2
800 375 1
800 105 4
800 2 2
800 286 6
800 441 1
800 440 3
800 58 5
800 169 11
800 616 11
800 349 5
800 112 6
800 553 6
800 120 14
800 86 5
800 503 1
800 637 1
800 204 10
800 12 1
800 642 9
800 518 29
800 446 5
800 367 2
800 455 4
800 485 10
801 393 8
801 694 23
801 520 8
801 332 15
801 475 11
801 243 20
801 110 21
801 173 4
801 487 6
801 19 2
801 361 3
801 100 20
801 372 8
801 437 14
801 394 8
801 697 20
801 592 5
801 383 6
801 346 3
801 32 7
801 465 45
801 577 2
801 407 1
801 319 14
801 88 9
801 467 15
801 147 5
801 77 5
801 65 4
801 94 6
801 163 4
801 463 54
801 534 14
801 493 9
801 294 2
801 384 5
801 315 3
801 357 13
801 598 2
801 83 3
801 148 2
801 345 4
801 642 9
801 603 3
801 248 2
801 247 2
801 378 9
801 381 13
801 169 11
801 456 10
801 266 2
801 550 4
801 7 7
801 533 24
801 555 7
801 150 3
801 171 2
801 234 2
801 510 13
801 154 5
801 597 19
801 445 2
801 440 3
801 246 4
801 688 7
801 628 16
801 707 4
801 112 6
801 116 6
801 15 7
801 143 6
801 56 2
801 639 2
801 567 2
801 715 13
801 202 12
801 644 10
801 666 9
801 680 6
801 671 5
802 697 20
802 531 6
802 119 33
802 437 14
802 168 21
802 20 9
802 205 2
803 135 9
803 70 2
803 371 1
803 125 2
803 484 3
803 239 14
803 199 42
803 105 4
804 580 11
804 501 2
804 300 2
804 506 20
804 484 3
804 125 2
804 319 14
804 639 2
805 511 23
805 66 10
805 429 12
805 303 41
806 694 23
806 520 8
806 529 26
806 593 9
806 644 10
806 493 9
806 58 5
806 162 10
806 664 6
806 653 9
806 667 6
800 542 2
800 355 4
800 458 4
800 533 24
800 680 6
800 682 2
800 374 6
800 695 1
800 450 4
800 238 5
801 58 5
801 54 1
801 198 56
801 662 1
801 18 7
801 31 2
801 653 9
801 528 7
801 312 9
801 438 12
801 336 3
801 44 3
801 444 3
801 152 8
801 187 2
801 455 4
801 89 10
801 382 6
801 665 5
801 365 3
801 199 42
802 213 4
802 690 6
802 230 25
802 393 8
802 99 27
802 74 21
802 23 6
802 553 6
802 628 16
802 285 10
802 470 3
802 199 42
802 641 38
802 312 9
802 597 19
802 405 3
802 704 3
802 146 15
802 596 76
802 105 4
802 511 23
802 162 10
802 229 9
802 197 19
802 241 5
802 715 13
802 52 1
802 378 9
802 569 2
802 124 6
802 515 1
802 356 7
802 186 2
802 5 1
802 278 1
802 601 1
802 68 8
802 629 2
802 670 9
802 463 54
802 485 10
802 90 16
802 555 7
802 286 6
802 653 9
802 346 3
802 58 5
802 483 1
802 523 2
802 307 1
802 311 5
802 528 7
802 694 23
802 198 56
802 84 7
802 345 4
802 252 1
802 109 3
802 233 1
802 150 3
802 563 17
802 439 7
802 411 24
802 533 24
802 467 15
802 551 5
802 131 5
802 673 1
802 321 12
802 103 2
802 319 14
802 554 3
802 667 6
802 702 5
802 202 12
802 510 13
802 561 1
802 383 6
802 42 1
802 404 1
802 624 3
802 642 9
802 298 1
802 314 2
802 394 8
802 304 21
802 588 11
802 674 1
802 98 4
802 611 1
802 574 33
802 167 6
802 635 1
802 361 3
802 269 2
802 334 13
802 593 9
802 606 14
802 421 6
802 433 4
802 320 4
802 101 4
802 392 11
803 597 19
803 701 1
803 545 2
803 641 38
803 432 15
803 583 21
803 332 15
803 72 7
803 690 6
803 599 2
803 112 6
803 584 4
803 582 15
803 144 44
803 146 15
803 78 9
803 190 4
803 181 1
803 464 94
803 527 3
803 574 33
803 485 10
803 282 8
803 65 4
803 493 9
803 596 76
803 161 15
803 456 10
803 457 2
803 347 9
803 581 10
803 76 27
803 579 2
803 645 12
803 284 1
803 709 1
803 724 2
803 330 7
803 510 13
803 141 3
803 663 7
803 381 13
803 322 14
803 393 8
803 158 5
803 567 2
803 198 56
803 692 31
803 670 9
803 551 5
803 629 2
803 720 1
803 512 22
803 166 6
803 472 13
803 534 14
803 538 6
803 542 2
803 374 6
803 274 5
803 500 1
803 246 4
803 633 1
803 229 9
803 231 7
803 694 23
803 320 4
803 35 4
803 359 1
803 502 3
803 648 4
803 447 1
803 418 1
803 655 3
803 679 5
803 142 4
803 499 1
803 98 4
803 603 3
803 47 2
803 139 2
803 722 3
803 318 8
803 394 8
803 507 9
803 680 6
803 80 4
803 378 9
803 705 6
803 628 16
803 224 11
803 535 2
803 184 25
803 491 2
803 553 6
803 67 5
803 365 3
803 572 5
803 7 7
803 245 1
803 77 5
803 444 3
803 339 1
803 477 1
803 97 2
803 68 8
803 238 5
803 373 9
803 255 1
803 107 2
803 241 5
803 260 1
803 475 11
803 421 6
803 524 1
803 525 2
803 21 2
804 199 42
804 393 8
804 664 6
804 74 21
804 303 41
804 479 17
804 428 4
804 478 14
804 310 1
804 328 3
804 538 6
804 708 5
804 108 16
804 195 2
804 114 4
804 450 4
804 502 3
804 654 2
804 562 3
804 568 2
804 486 10
804 715 13
804 642 9
804 652 1
804 45 2
804 132 2
804 3 2
804 659 2
804 135 9
804 369 1
804 109 3
804 651 1
804 467 15
804 553 6
804 596 76
804 139 2
804 32 7
804 88 9
804 689 23
804 480 13
804 192 7
804 67 5
804 694 23
804 204 10
804 131 5
804 273 2
804 55 1
804 297 3
804 218 2
804 231 7
804 344 1
804 106 2
804 334 13
804 595 1
804 574 33
804 485 10
804 78 9
804 684 3
804 423 10
804 537 1
804 430 4
804 321 12
804 591 1
804 169 11
804 21 2
804 382 6
804 145 39
804 609 1
804 365 3
804 215 4
804 691 1
804 559 4
804 302 15
804 475 11
804 402 9
804 143 6
804 628 16
804 101 4
804 705 6
804 198 56
804 644 10
804 115 11
804 594 1
804 89 10
804 232 1
804 597 19
804 718 16
804 348 3
804 528 7
804 593 9
804 497 12
804 217 2
804 31 2
804 680 6
804 272 2
804 17 10
804 337 4
804 696 4
804 267 4
804 77 5
804 395 2
804 383 6
804 162 10
804 563 17
804 15 7
805 194 8
805 531 6
805 230 25
805 556 44
805 497 12
805 168 21
805 694 23
805 108 16
805 643 31
805 510 13
805 145 39
805 713 13
805 520 8
805 119 33
805 117 53
805 716 49
805 73 25
805 110 21
805 162 10
805 478 14
805 523 2
805 100 20
805 692 31
805 588 11
805 104 17
805 412 73
805 243 20
805 199 42
805 293 4
805 506 20
805 432 15
805 708 5
805 301 30
805 398 3
805 529 26
805 78 9
805 697 20
805 152 8
805 287 2
805 519 26
805 184 25
805 532 32
805 113 7
805 331 3
805 539 8
805 308 57
805 458 4
805 669 11
805 151 2
805 596 76
805 715 13
805 464 94
805 707 4
805 679 5
805 512 22
805 465 45
805 663 7
805 392 11
805 452 10
805 411 24
805 705 6
805 406 71
805 89 10
805 366 3
805 582 15
805 84 7
805 574 33
805 352 35
805 130 5
805 658 82
805 597 19
805 487 6
805 378 9
805 315 3
805 35 4
805 88 9
805 436 3
805 533 24
805 496 5
805 146 15
805 144 44
805 74 21
805 24 5
805 167 6
805 91 11
805 191 7
805 627 6
805 101 4
805 493 9
805 239 14
805 198 56
805 182 4
805 479 17
805 513 37
805 187 2
805 39 2
805 508 19
805 454 2
805 304 21
805 563 17
805 262 3
805 59 3
805 467 15
805 534 14
805 312 9
805 589 2
805 647 1
805 14 1
805 338 4
805 106 2
805 549 2
805 334 13
805 437 14
805 686 3
805 438 12
805 18 7
805 17 10
805 160 2
805 221 2
805 593 9
805 222 15
805 265 9
805 616 11
805 90 16
805 654 2
805 693 34
805 313 3
805 518 29
805 281 2
805 562 3
805 530 67
805 484 3
805 723 1
805 379 2
805 485 10
805 68 8
805 405 3
805 357 13
805 572 5
805 571 2
805 558 1
805 120 14
805 98 4
805 102 19
805 161 15
805 495 1
805 712 2
805 541 3
805 123 1
805 543 1
805 702 5
805 246 4
805 540 2
805 448 1
805 394 8
805 401 3
805 128 2
805 169 11
806 99 27
806 527 3
806 643 31
806 202 12
806 224 11
806 530 67
806 197 19
806 402 9
806 692 31
806 666 9
806 198 56
806 574 33
806 671 5
806 458 4
806 596 76
806 658 82
806 383 6
806 665 5
806 531 6
806 693 34
806 115 11
806 628 16
806 563 17
806 532 32
800 393 8
800 198 56
800 282 8
800 199 42
800 162 10
800 669 11
800 688 7
800 283 2
800 262 3
800 462 2
800 214 2
800 96 3
800 620 2
800 195 2
800 44 3
800 220 7
800 115 11
800 408 7
800 224 11
800 512 22
800 416 2
800 423 10
800 63 3
800 175 2
800 309 2
800 87 2
800 678 1
800 705 6
800 265 9
800 430 4
800 544 1
800 78 9
800 410 1
800 703 11
800 166 6
800 525 2
800 699 1
800 650 3
800 154 5
800 689 23
800 438 12
800 368 1
800 627 6
800 649 2
800 700 2
800 153 6
800 719 2
800 565 1
800 264 4
800 155 1
800 476 1
800 192 7
800 6 1
800 597 19
800 593 9
800 59 3
800 403 1
800 296 10
800 159 1
800 340 2
800 605 2
800 136 3
800 274 5
800 665 5
801 194 8
801 531 6
801 426 1
801 675 1
801 434 1
801 192 7
801 302 15
801 722 3
801 573 1
801 10 1
801 26 2
801 461 3
801 215 4
801 392 11
801 301 30
801 91 11
801 61 7
801 191 7
801 115 11
801 367 2
801 355 4
801 326 1
801 482 3
801 30 1
801 131 5
801 261 3
801 719 2
801 703 11
801 571 2
801 428 4
801 562 3
801 619 1
801 554 3
801 323 2
801 408 7
801 588 11
801 105 4
801 258 1
801 179 1
801 668 1
801 178 2
801 281 2
801 265 9
801 254 2
801 161 15
801 274 5
801 401 3
801 648 4
801 71 1
801 486 10
801 172 1
801 239 14
801 68 8
801 473 1
801 92 1
801 277 1
801 582 15
801 22 5
801 320 4
802 520 8
802 210 11
802 577 2
802 711 3
802 386 1
802 267 4
802 650 3
802 493 9
802 498 1
802 452 10
802 453 2
802 57 23
802 603 3
802 153 6
802 710 1
802 703 11
802 507 9
802 521 3
802 679 5
802 620 2
802 657 15
802 376 11
802 214 2
802 75 6
802 289 19
802 216 1
802 516 4
802 76 27
802 714 2
802 60 10
802 496 5
802 630 1
802 330 7
802 687 3
802 18 7
802 349 5
802 78 9
802 613 3
802 364 5
802 107 2
802 430 4
802 130 5
802 706 2
802 559 4
802 497 12
802 231 7
802 337 4
802 416 2
802 696 4
802 461 3
802 685 1
802 64 4
802 219 1
802 185 5
802 489 2
802 363 2
802 217 2
802 115 11
802 166 6
802 546 2
802 134 1
802 655 3
802 239 14
802 91 11
803 276 1
803 703 11
803 104 17
803 555 7
803 338 4
803 194 8
803 602 1
803 115 11
803 578 2
803 463 54
803 466 1
803 60 10
803 185 5
803 363 2
803 383 6
803 465 45
803 521 3
803 657 15
803 713 13
803 189 2
803 309 2
803 455 4
803 213 4
803 446 5
803 372 8
803 267 4
803 589 2
803 666 9
803 311 5
803 490 1
803 131 5
803 355 4
803 79 5
803 18 7
803 13 13
803 570 2
803 95 5
803 559 4
803 431 2
803 9 3
803 273 2
803 430 4
803 289 19
803 264 4
803 269 2
803 598 2
803 133 17
803 712 2
803 253 2
803 88 9
803 400 2
803 439 7
803 285 10
803 681 1
803 177 4
803 1 2
803 642 9
803 349 5
803 263 1
803 94 6
803 63 3
803 336 3
803 29 1
803 191 7
803 91 11
803 61 7
803 292 1
803 482 3
803 210 11
803 327 1
803 634 1
803 396 1
803 275 1
803 449 3
803 296 10
803 186 2
803 376 11
803 109 3
803 116 6
803 58 5
803 653 9
803 22 5
803 59 3
803 664 6
803 380 2
803 401 3
803 377 1
803 413 2
803 143 6
803 453 2
803 130 5
803 173 4
804 44 3
804 213 4
804 210 11
804 361 3
804 607 4
804 496 5
804 185 5
804 583 21
804 211 21
804 349 5
804 154 5
804 432 15
804 540 2
804 190 4
804 73 25
804 72 7
804 130 5
804 351 1
804 549 2
804 90 16
804 548 3
804 648 4
804 168 21
804 586 2
804 575 2
804 711 3
804 514 3
804 518 29
804 482 3
804 61 7
804 191 7
804 91 11
804 541 3
804 624 3
