805 566
805 452
805 32
805 230
805 303
805 529
805 513
805 628
805 692
805 412
805 119
805 332
805 479
805 563
805 643
805 108
800 529
800 305
800 716
800 530
800 99
800 74
800 480
800 243
800 182
800 422
800 513
800 412
800 8
800 432
800 329
800 478
800 519
800 303
800 479
800 75
800 39
800 658
800 645
800 104
800 73
800 81
800 301
800 18
800 411
800 550
800 318
800 321
800 152
800 684
800 26
800 679
800 461
800 51
800 197
800 293
801 412
801 102
801 370
801 206
801 37
801 142
801 511
801 464
801 90
801 419
801 697
801 88
801 684
801 76
801 308
801 23
801 147
801 343
801 93
801 342
801 538
801 347
801 539
801 556
801 582
801 381
801 475
801 319
801 168
801 57
801 177
801 429
801 301
801 497
801 425
801 531
801 422
801 318
801 507
801 145
801 81
801 144
801 141
801 716
801 572
801 196
801 143
801 474
801 11
801 99
801 658
801 197
801 133
801 643
801 606
801 304
801 352
801 117
801 687
801 303
801 708
801 335
801 302
801 704
801 535
801 35
801 693
801 16
801 698
801 20
801 297
801 479
801 690
801 502
801 222
801 19
801 83
801 395
801 718
802 715
802 144
802 334
802 329
802 478
802 400
802 406
802 358
802 713
802 243
802 528
802 303
802 149
802 305
802 718
802 146
802 249
802 119
802 110
802 304
802 511
802 509
802 610
802 581
802 308
802 556
802 643
802 411
802 582
802 640
802 312
802 135
802 530
802 161
802 184
802 606
802 419
802 372
802 417
802 486
802 425
802 392
802 592
802 332
802 37
803 382
803 708
803 357
803 223
803 534
803 697
803 464
803 68
803 197
803 308
803 513
803 531
803 618
803 666
803 621
803 364
803 144
803 348
803 211
803 419
803 631
803 406
803 526
803 3
803 89
803 145
803 638
803 379
804 342
804 406
804 127
804 173
804 308
804 424
804 74
804 715
804 580
804 671
811 708
811 230
811 304
811 303
811 308
811 513
811 373
811 138
811 201
811 20
811 285
811 479
811 119
811 530
811 184
811 506
806 74
806 117
806 643
806 211
806 305
806 716
806 693
806 616
806 120
806 530
806 144
806 556
806 718
806 689
806 529
806 512
806 8
806 236
806 200
806 295
806 454
806 432
806 698
806 479
806 713
806 612
806 610
806 222
806 508
806 180
806 282
806 279
806 270
806 497
806 677
806 692
806 170
806 340
806 329
806 240
806 238
806 46
806 538
806 230
807 166
807 464
807 480
807 90
807 518
807 167
807 64
807 177
807 347
807 718
807 118
807 168
807 548
807 436
807 53
807 658
807 376
807 296
807 645
807 76
807 574
807 308
807 57
807 421
807 329
807 693
807 479
807 641
807 153
807 536
807 237
807 354
807 342
807 305
807 224
807 335
807 511
807 547
807 334
807 420
807 322
807 643
807 424
807 343
807 67
807 532
807 406
807 696
807 423
807 160
807 99
807 485
807 519
807 497
807 13
807 402
807 417
807 583
807 184
807 613
807 411
807 127
807 104
807 95
807 530
807 286
807 73
807 579
807 158
807 616
807 16
807 364
807 24
807 183
807 23
807 689
807 321
807 81
807 640
807 285
807 556
807 328
807 197
807 231
807 229
807 80
807 625
807 146
807 60
808 318
808 190
808 133
808 658
808 49
808 716
808 80
808 584
808 559
808 296
808 556
808 692
808 422
808 352
808 429
808 50
808 578
808 76
808 585
808 424
808 513
808 111
808 449
808 508
808 636
808 222
808 583
808 472
808 308
808 157
808 406
808 613
808 79
808 297
808 229
808 66
808 259
808 563
808 706
808 305
808 646
809 397
809 221
809 127
809 606
809 174
809 572
809 197
809 70
809 241
809 205
809 507
809 122
809 352
809 406
809 462
809 511
809 201
809 329
809 102
809 423
809 108
809 37
809 308
809 119
809 660
809 259
809 145
809 412
809 539
810 158
810 584
810 581
810 406
810 692
810 521
810 580
817 144
817 117
817 583
817 669
817 151
817 644
817 692
817 305
817 480
817 161
817 329
817 530
817 352
812 211
812 117
812 530
812 183
812 427
812 243
812 402
812 643
812 529
812 149
812 104
812 308
812 478
812 144
812 512
812 8
812 66
812 208
812 303
812 486
812 17
812 583
812 422
812 626
812 519
812 480
812 338
812 36
812 413
812 432
812 332
812 114
812 120
812 316
812 474
812 568
812 518
812 506
812 713
812 165
812 170
812 13
812 305
812 716
812 664
812 645
812 698
813 203
813 556
813 465
813 464
813 382
813 204
813 583
813 666
813 215
813 308
813 406
813 100
813 581
813 342
813 144
813 96
813 192
813 518
813 86
813 89
813 582
813 526
813 220
813 35
813 534
813 438
813 145
813 336
813 640
813 429
813 352
813 512
813 456
813 13
813 218
813 680
813 158
813 347
813 692
813 69
813 539
813 331
813 73
813 177
813 244
813 62
813 343
813 117
813 423
813 425
813 513
813 66
813 302
813 412
813 617
813 693
813 592
813 713
813 370
813 161
813 508
813 7
813 672
813 24
813 318
813 95
813 322
813 718
813 506
813 133
813 530
813 184
813 243
813 9
813 265
813 607
813 17
813 532
813 527
813 113
813 357
814 1
814 132
814 194
814 8
814 693
814 163
814 632
814 110
814 343
814 406
814 176
814 479
814 342
814 616
814 534
814 550
814 329
814 556
814 300
814 50
814 518
814 144
814 429
814 296
814 352
814 170
814 645
814 530
814 640
815 329
815 716
815 224
815 538
815 120
815 532
815 372
815 338
815 129
815 97
815 352
815 193
815 112
815 116
815 40
815 438
815 301
815 689
815 580
815 474
815 100
815 475
815 108
815 381
815 488
815 427
815 658
815 663
815 627
815 373
815 506
815 102
815 622
815 148
815 512
816 117
816 329
816 170
816 15
816 222
816 296
823 556
823 149
823 207
823 303
823 301
823 352
823 230
823 513
823 511
823 625
823 74
823 519
823 588
823 111
818 73
818 147
818 532
818 563
818 478
818 261
818 530
818 519
818 243
818 303
818 110
818 305
818 117
818 111
818 8
818 201
818 658
818 480
818 392
818 643
818 429
818 302
818 304
818 423
818 50
818 689
818 406
818 606
818 119
818 170
818 422
818 644
818 486
818 108
818 669
818 301
818 328
818 693
818 154
818 556
818 75
818 358
818 360
819 707
819 85
819 406
819 357
819 356
819 667
819 398
819 295
819 64
819 452
819 412
819 90
819 343
819 697
819 419
819 467
819 87
819 202
819 168
819 89
819 511
819 627
819 329
819 209
819 518
819 32
819 113
819 658
819 153
819 548
819 86
819 342
819 57
819 73
819 37
819 352
819 539
819 169
819 337
819 211
819 305
819 716
819 437
819 204
819 117
819 438
819 643
819 384
819 183
819 4
819 334
819 301
819 145
819 508
819 308
819 100
819 265
819 479
819 556
819 411
819 192
819 193
819 644
819 17
819 321
819 689
819 266
819 335
819 24
819 576
819 513
819 212
819 450
819 683
819 686
819 530
819 486
820 337
820 102
820 17
820 541
820 335
820 414
820 406
820 223
820 119
820 222
820 251
820 152
820 519
820 616
820 392
820 529
820 136
820 402
820 718
820 308
820 156
820 715
820 556
820 16
820 412
820 319
821 411
821 658
821 506
821 290
821 294
821 120
821 272
821 593
821 99
821 605
821 197
821 580
821 716
821 352
821 533
821 145
821 392
821 37
822 683
822 627
822 145
822 716
822 556
822 308
822 532
822 242
822 669
822 518
822 20
822 168
822 222
822 526
829 100
829 175
829 230
829 692
829 274
829 693
829 8
829 582
829 304
829 716
829 144
824 100
824 117
824 529
824 588
824 104
824 519
824 182
824 161
824 110
824 243
824 119
824 372
824 640
824 268
824 688
824 99
824 184
824 312
824 206
824 296
824 8
824 582
824 374
824 224
824 508
824 394
824 299
824 692
824 510
824 226
824 458
824 429
824 197
824 556
824 643
824 333
824 96
824 222
824 147
825 76
825 353
825 166
825 608
825 197
825 641
825 235
825 463
825 464
825 65
825 456
825 57
825 582
825 60
825 308
825 465
825 439
825 343
825 296
825 429
825 405
825 366
825 86
825 161
825 100
825 510
825 285
825 581
825 693
825 153
825 452
825 412
825 376
825 117
825 381
825 692
825 520
825 84
825 539
825 472
825 556
825 265
825 357
825 516
825 342
825 163
825 526
825 532
825 671
825 305
825 470
825 66
825 8
825 170
825 322
825 533
825 286
825 507
825 703
825 519
825 36
825 120
825 146
825 451
825 534
825 713
825 625
825 530
825 512
825 437
825 411
825 716
825 352
825 378
825 513
826 394
826 13
826 511
826 318
826 50
826 352
826 133
826 532
826 313
826 16
826 301
826 640
826 304
826 412
826 489
826 265
826 431
826 329
826 202
826 229
826 250
826 184
826 667
826 406
827 658
827 519
827 436
827 126
827 332
827 435
827 68
827 239
827 7
827 534
827 422
827 716
827 194
827 536
827 304
827 512
827 102
827 37
827 241
827 555
827 243
827 262
827 257
827 616
827 150
827 714
827 144
828 243
828 686
828 438
828 220
828 376
828 128
828 606
828 556
828 437
828 315
828 456
828 20
830 305
831 264
831 583
831 607
831 325
831 690
832 665
832 135
832 689
832 376
832 329
833 641
834 170
834 83
834 318
834 381
841 439
841 119
841 194
841 457
841 18
841 640
836 133
836 108
837 167
837 169
837 556
837 697
838 143
838 124
838 391
838 94
838 556
838 329
839 676
839 512
839 230
839 506
839 373
839 124
839 94
840 226
840 305
840 440
840 130
840 168
840 124
840 73
840 251
805 73
805 640
805 556
800 114
800 332
800 514
800 641
800 23
800 319
800 37
800 534
800 7
800 270
800 203
800 251
800 193
800 692
800 640
800 590
800 108
800 144
800 330
800 583
800 508
800 17
800 170
800 288
800 724
800 79
801 66
801 664
801 666
801 472
801 376
801 89
801 84
801 463
801 113
801 624
801 536
801 211
801 437
801 119
801 520
801 508
801 496
801 209
801 354
801 660
801 465
801 513
801 528
801 501
801 574
801 202
801 8
801 167
801 13
801 67
801 305
801 171
801 322
801 100
801 653
801 510
801 409
801 239
801 563
801 323
801 313
801 366
801 569
801 373
801 331
801 694
801 692
801 621
801 329
801 534
801 580
801 532
801 161
801 22
801 467
801 295
801 641
801 15
801 493
801 519
801 104
801 411
801 433
801 7
801 330
802 658
802 496
802 516
802 352
802 342
802 76
802 588
802 230
802 402
802 319
802 607
802 497
802 513
802 694
802 140
802 16
802 347
802 114
802 314
802 254
802 375
802 105
802 508
802 301
802 2
802 687
802 357
802 412
802 364
802 286
802 441
802 440
803 536
803 32
803 58
803 169
803 616
803 514
803 343
803 152
803 519
803 76
803 653
803 530
803 349
803 112
803 553
803 120
803 146
803 329
803 86
803 658
803 452
803 239
803 503
803 637
803 204
803 690
803 12
803 37
803 642
803 518
803 102
803 352
803 57
803 446
803 664
804 367
804 518
804 455
804 37
804 485
811 145
811 393
811 144
811 73
811 694
811 95
806 37
806 520
806 332
806 532
806 475
806 108
806 303
806 243
806 110
806 173
806 406
806 487
806 19
806 361
806 645
806 224
806 100
806 372
806 437
806 296
806 394
806 423
806 697
806 592
806 383
807 346
807 32
807 465
807 577
807 407
807 507
807 145
807 8
807 319
807 88
807 467
807 147
807 580
807 77
807 65
807 94
807 163
807 475
807 463
807 513
807 534
807 493
807 294
807 692
807 117
807 222
807 384
807 572
807 508
807 315
807 50
807 357
807 598
807 83
807 352
807 148
807 345
807 538
807 642
807 603
807 248
807 247
807 378
807 381
807 169
807 456
808 437
808 266
808 512
808 184
808 550
808 104
808 7
808 334
808 285
808 533
808 303
808 555
808 689
808 329
808 145
808 536
808 150
809 536
809 171
809 168
809 530
809 50
809 76
809 321
809 343
809 234
809 322
809 510
809 154
809 597
809 445
809 440
809 246
809 688
809 628
809 707
809 112
809 116
809 15
809 143
809 238
809 56
809 639
809 567
809 574
809 437
809 518
809 211
809 550
809 715
810 202
810 397
810 644
810 666
810 512
810 680
810 671
810 574
817 643
817 697
817 531
817 406
817 119
814 437
814 532
815 643
815 412
815 429
816 215
816 113
816 168
816 20
816 205
818 135
818 70
818 371
818 125
818 484
818 411
820 437
820 506
820 239
820 199
822 105
822 329
822 50
829 580
829 501
829 222
824 300
824 506
824 411
825 484
826 125
826 312
826 319
826 472
827 639
834 511
834 66
834 429
834 303
841 694
841 520
841 230
841 529
836 168
836 556
837 133
838 119
838 593
839 119
839 644
839 493
839 58
839 108
839 162
839 664
839 73
839 305
840 653
840 667
805 169
805 542
800 355
801 458
801 533
801 680
801 682
801 374
802 695
802 432
803 532
804 682
804 305
804 450
804 238
804 88
811 58
806 533
806 54
806 688
806 198
806 662
806 18
806 31
807 653
807 412
807 383
807 528
807 230
808 144
808 94
808 487
808 312
808 432
809 16
809 438
809 336
809 44
809 444
809 152
809 187
810 455
810 89
810 382
810 145
810 665
810 365
810 199
810 168
810 198
817 556
817 213
817 690
817 116
817 230
817 393
817 412
817 99
817 74
817 512
817 168
812 23
812 553
812 99
812 628
812 285
812 470
812 199
812 641
812 312
812 119
812 597
812 697
812 102
812 405
812 704
812 146
812 596
812 105
812 511
812 162
812 229
812 197
812 241
812 301
812 50
812 715
812 669
812 52
812 89
812 378
812 569
812 124
812 515
813 356
813 186
813 5
813 278
813 601
813 68
813 629
813 670
813 124
813 478
813 463
813 485
813 90
813 555
813 519
813 286
813 653
813 346
813 305
813 58
813 483
813 372
813 8
813 523
813 303
813 716
813 307
813 329
813 311
813 197
813 528
813 694
813 663
813 211
813 198
813 658
813 84
813 345
813 252
813 641
813 116
813 109
813 233
813 150
813 563
813 643
813 439
813 102
813 74
813 99
813 241
813 411
813 533
813 301
813 467
813 551
813 131
813 673
813 321
813 103
813 319
813 689
813 193
813 20
813 163
813 596
813 554
813 667
814 641
814 302
814 702
814 202
814 510
814 146
814 308
814 478
814 561
814 402
814 20
814 383
814 464
814 42
814 404
814 658
814 117
814 624
814 512
814 554
814 642
814 519
814 298
814 314
814 697
814 373
814 224
814 563
814 669
814 553
814 644
814 716
814 423
814 394
814 66
814 304
814 588
815 406
815 674
815 229
815 104
815 596
815 645
815 518
815 98
815 611
815 574
815 167
815 192
815 8
815 356
815 635
815 361
815 269
815 511
815 463
815 286
815 334
815 50
815 593
815 606
815 304
815 553
815 421
815 15
815 433
815 432
815 198
815 320
816 116
816 101
816 104
816 211
816 392
816 198
816 199
823 108
823 110
823 406
823 533
823 412
823 597
823 701
823 305
823 479
823 251
823 716
823 545
823 392
818 697
818 479
818 412
818 641
818 432
818 223
818 533
818 583
818 616
818 506
818 597
818 332
818 321
818 72
818 690
818 199
818 599
818 112
818 584
818 582
818 144
818 146
819 78
819 190
819 181
819 222
819 464
819 527
819 574
819 485
819 282
819 65
819 597
819 493
819 596
819 480
819 161
819 456
819 457
819 526
819 532
819 347
819 581
819 76
819 579
819 645
819 284
819 709
819 724
819 330
819 510
819 141
819 663
819 381
819 322
819 393
819 158
819 567
819 198
819 692
819 110
819 670
819 551
819 629
819 720
819 512
819 166
819 506
819 99
819 472
819 534
819 538
819 542
819 478
819 374
819 50
819 274
819 500
819 641
819 246
820 532
820 530
820 145
820 100
820 633
820 229
820 231
820 694
820 169
820 464
820 230
820 202
820 480
820 320
820 35
820 108
820 359
820 502
820 648
820 447
820 418
820 198
820 655
820 679
820 142
820 499
820 98
820 582
820 603
820 47
820 211
820 139
820 722
820 329
820 352
820 716
820 318
820 357
820 356
820 135
821 394
821 464
821 596
821 507
821 680
821 80
821 198
821 545
821 378
821 493
821 705
821 423
821 628
821 76
821 715
821 224
821 535
821 184
821 491
821 553
821 67
821 365
821 572
821 7
821 532
821 245
821 519
821 304
821 655
821 98
821 77
821 444
821 606
821 339
821 477
821 97
821 68
821 238
821 239
821 154
821 648
821 599
821 373
821 255
821 693
821 107
821 241
821 260
821 406
821 475
821 421
822 689
822 524
822 718
822 525
822 89
822 274
822 319
822 21
829 199
829 406
829 393
829 513
829 378
829 530
829 412
829 664
829 99
824 120
824 530
824 74
824 303
824 641
824 199
824 479
824 428
824 478
824 310
824 328
824 538
824 332
824 708
824 108
824 146
824 195
824 329
824 114
824 450
824 502
824 654
824 562
824 568
824 486
824 715
824 642
824 652
824 45
824 132
824 3
824 659
825 135
825 369
825 109
825 304
825 299
825 651
825 467
825 199
825 553
825 596
825 301
825 139
825 486
825 32
825 88
825 689
825 480
825 192
825 202
825 67
825 45
825 694
825 508
825 374
825 204
825 131
825 273
825 55
825 297
825 218
825 231
825 344
825 106
825 334
825 133
825 595
825 574
825 13
825 485
825 78
825 684
825 423
825 428
825 537
825 642
825 303
825 430
825 329
825 321
825 659
825 119
825 591
825 169
825 21
825 406
825 506
825 382
826 519
826 145
826 305
826 609
826 529
826 464
826 574
826 102
826 365
826 182
826 703
826 215
826 691
826 559
826 302
826 161
826 117
826 475
826 402
826 507
826 143
826 533
826 689
826 194
826 628
826 222
826 101
826 596
826 705
826 198
826 644
826 115
827 594
827 78
827 376
827 89
827 596
827 232
827 597
827 718
827 532
827 348
827 528
827 593
827 16
827 497
827 217
827 31
827 680
827 329
827 533
827 224
827 198
827 99
827 703
827 272
827 529
827 17
827 641
827 337
827 696
827 267
827 77
827 395
828 383
828 329
828 597
828 715
828 162
828 32
828 563
828 15
835 194
835 531
835 230
835 556
835 497
835 168
835 694
835 108
835 643
835 510
835 376
835 145
835 713
835 520
835 119
835 305
830 117
830 716
830 73
830 110
830 162
830 303
830 478
830 523
830 641
830 100
830 692
830 588
830 104
830 412
830 243
830 199
830 293
830 506
830 432
830 708
830 145
830 301
830 398
830 230
830 529
830 78
830 697
830 152
830 287
830 519
830 184
830 532
831 381
831 113
831 331
831 539
831 308
831 458
831 669
831 151
831 596
831 715
831 464
831 716
831 707
831 679
831 512
831 465
831 497
831 663
831 392
831 452
831 411
831 689
831 705
831 406
831 694
831 89
831 366
831 582
831 84
831 574
831 352
831 130
831 168
831 658
831 301
831 597
831 487
831 378
831 315
831 305
831 35
831 88
831 73
831 436
831 533
831 496
831 146
831 144
831 74
831 24
831 184
831 478
831 167
831 91
831 191
831 627
831 101
831 493
831 239
831 198
831 199
831 145
831 117
831 182
831 479
831 513
831 187
831 39
831 100
831 643
831 508
831 454
831 304
831 563
831 262
831 697
831 59
831 467
831 534
831 312
831 511
831 589
831 647
831 14
831 338
831 106
831 549
831 334
832 437
832 686
832 438
832 18
832 199
832 303
832 17
832 511
832 467
832 641
832 464
832 529
832 160
832 221
832 593
832 574
832 588
832 198
832 222
832 265
832 556
832 616
832 487
832 90
832 406
832 318
832 532
832 312
832 654
832 693
832 243
832 313
832 66
832 518
832 513
832 145
832 281
832 510
833 465
833 596
833 658
833 562
833 530
833 484
833 723
833 239
833 379
833 485
833 68
833 405
833 357
833 572
833 571
833 558
833 120
833 329
833 98
833 693
833 102
833 697
833 161
833 495
833 712
833 541
833 123
833 543
833 702
833 246
833 540
833 448
833 394
834 401
834 716
834 128
834 596
834 658
834 169
834 694
841 99
841 527
841 643
841 644
841 202
841 224
841 530
837 197
837 402
837 692
837 666
838 198
838 694
838 574
838 671
839 458
839 596
839 439
839 658
839 383
839 692
839 665
839 531
840 693
840 115
840 628
840 563
840 532
840 162
840 198
805 393
805 168
805 23
805 472
805 304
805 574
805 583
805 198
805 716
805 282
805 478
800 102
800 694
800 563
800 198
800 718
800 117
800 199
800 184
800 162
800 669
800 533
800 693
800 511
800 110
800 688
800 628
801 198
801 203
801 283
801 74
801 262
801 485
801 462
801 214
801 96
801 620
801 195
801 135
801 243
801 146
801 588
801 44
801 220
801 115
801 408
801 224
801 512
801 416
801 423
801 63
801 175
801 334
801 270
801 392
801 309
801 87
801 678
801 509
801 705
801 679
801 265
801 446
801 17
801 430
801 592
801 544
801 78
801 162
801 715
801 410
801 480
801 703
801 166
801 583
801 525
801 699
801 650
801 154
801 478
801 199
801 406
801 689
801 628
802 438
802 199
802 368
802 627
802 117
802 649
802 700
802 145
802 102
802 689
802 133
802 153
802 703
802 198
802 204
802 719
802 565
802 220
802 393
802 99
802 264
802 22
802 112
802 282
802 155
802 476
802 467
802 192
802 479
803 6
803 73
803 393
803 628
803 597
803 437
803 593
803 198
803 115
803 510
803 59
803 330
803 716
803 403
803 119
803 296
803 556
803 408
804 159
804 340
804 605
804 136
804 574
804 198
804 593
804 556
804 2
804 703
804 486
804 408
804 649
804 700
804 274
804 597
804 319
804 665
811 194
811 531
811 692
811 412
811 533
811 716
811 211
811 305
811 645
811 99
811 426
806 675
806 606
806 199
806 102
806 434
806 584
806 519
806 597
806 192
806 583
806 321
806 49
806 302
806 50
806 722
806 412
806 573
806 10
806 26
806 641
806 472
807 461
807 215
807 392
807 301
807 91
807 61
807 191
807 115
807 66
807 367
807 144
807 355
807 326
807 198
807 482
807 30
807 131
807 261
807 202
807 304
807 302
807 719
807 703
807 332
807 571
807 428
807 562
807 243
807 619
807 110
807 133
807 554
807 190
807 323
807 152
807 143
807 79
807 408
808 408
808 117
808 588
808 23
808 534
808 102
808 105
808 199
808 258
808 60
808 179
808 668
808 180
808 282
808 178
808 281
808 265
808 254
808 322
808 243
808 15
808 198
808 161
808 511
808 718
808 373
808 110
808 119
808 319
808 74
808 412
809 465
809 463
809 513
809 355
809 393
809 224
809 274
809 401
809 648
809 71
809 486
809 506
809 172
809 239
809 68
809 532
809 581
809 94
809 533
809 378
809 32
809 473
809 716
809 92
809 277
809 178
809 381
809 198
809 580
809 582
809 22
809 689
809 408
810 536
810 529
810 15
810 320
810 456
817 520
817 438
817 513
817 533
817 210
817 716
817 577
817 642
817 198
817 301
817 645
812 711
812 73
812 210
812 556
812 145
812 693
812 406
812 533
812 386
812 9
812 574
812 267
812 650
812 513
812 689
812 304
812 184
812 198
813 381
813 616
813 493
813 392
813 498
813 210
813 202
813 452
813 50
813 453
813 520
813 119
813 57
813 167
813 603
813 153
813 710
813 312
813 703
813 507
813 521
813 679
813 620
813 657
813 376
813 214
813 75
813 289
813 216
813 516
813 76
813 194
813 421
813 199
813 714
813 60
813 496
813 630
813 606
813 330
813 687
813 18
813 642
813 349
813 715
813 78
813 402
813 613
813 588
813 364
813 107
813 430
813 130
813 706
813 559
813 497
813 394
813 231
813 229
813 697
813 104
813 337
813 574
813 416
814 715
814 696
814 461
814 243
814 211
814 685
814 64
814 574
814 162
814 412
814 533
814 581
814 219
814 311
814 372
814 199
814 185
814 76
814 301
814 694
814 349
814 555
814 489
814 363
814 108
815 693
815 382
815 197
815 718
815 311
815 692
815 628
815 486
815 217
815 211
815 529
815 119
815 513
815 289
815 68
815 84
815 115
815 117
815 166
815 670
815 551
815 285
815 78
815 657
815 345
815 210
815 508
815 616
815 162
816 546
816 669
816 100
816 134
816 655
816 452
816 670
816 239
816 91
816 119
816 13
823 526
823 378
823 276
823 332
823 703
823 104
823 530
823 73
823 329
823 510
823 117
823 694
818 198
818 555
818 222
818 645
818 338
818 161
818 194
818 184
818 145
818 472
818 692
819 602
819 722
819 115
819 578
819 463
819 466
819 533
819 60
819 185
819 303
819 363
819 383
819 465
819 521
819 657
819 555
819 718
819 713
819 421
819 189
819 309
819 455
819 213
819 444
819 446
819 372
819 267
819 589
819 666
819 311
819 593
819 490
819 20
819 131
819 355
819 79
819 491
819 18
819 13
819 119
819 570
819 582
819 95
819 559
819 144
819 431
819 9
819 80
819 304
819 693
819 273
819 588
819 74
819 430
819 16
819 606
819 289
819 199
819 264
819 529
819 231
819 47
819 269
819 598
820 133
820 243
820 518
820 144
820 580
820 117
820 712
820 253
820 88
820 400
820 204
820 439
820 158
820 643
820 511
820 285
820 681
820 177
820 1
820 475
820 642
820 104
820 703
820 349
820 263
820 295
820 690
820 667
820 657
821 222
821 94
821 570
821 161
821 289
821 63
821 526
821 463
821 336
821 29
821 191
821 91
821 61
821 119
821 292
821 482
821 210
821 347
821 136
821 327
821 634
821 396
821 275
821 50
821 449
821 189
821 616
821 296
821 657
821 186
821 72
821 376
821 169
821 713
821 109
821 116
821 58
821 642
821 305
821 689
821 653
821 319
821 683
821 22
821 329
821 381
821 59
821 664
821 380
821 401
821 253
821 530
821 641
821 229
821 377
821 267
821 413
821 143
822 453
822 115
822 130
822 450
822 486
822 198
822 658
822 173
822 37
829 44
829 213
829 198
829 305
829 210
829 361
829 658
829 597
829 74
829 694
829 117
829 286
829 528
824 597
824 563
824 607
824 496
824 185
824 583
824 211
824 349
824 230
824 154
824 432
824 533
824 540
824 133
824 190
824 301
824 628
824 73
824 72
824 130
824 170
824 534
824 16
824 144
824 145
824 115
825 144
825 511
825 351
825 549
825 102
825 90
825 548
825 648
825 718
825 211
825 168
825 586
825 575
825 711
825 514
825 226
825 145
825 563
825 518
825 482
825 61
825 184
825 191
825 91
825 541
825 213
825 624
825 115
825 198
825 658
825 73
825 475
