800 566
800 452
800 32
800 230
800 303
800 529
800 513
800 628
800 692
800 412
800 119
800 332
800 479
800 563
800 643
800 108
800 305
800 716
800 530
800 99
800 74
800 480
800 243
800 182
800 422
800 8
800 432
800 329
800 478
800 519
800 75
800 39
800 658
800 645
800 104
800 73
800 81
800 301
800 18
800 411
800 550
800 318
800 321
800 152
800 684
800 26
800 679
800 461
800 51
800 197
800 293
800 102
800 370
800 206
800 37
800 142
800 511
800 464
800 90
800 419
800 697
800 88
800 76
800 308
800 23
800 147
800 343
800 93
800 342
800 538
800 347
800 539
800 556
800 582
800 381
800 475
800 319
800 168
800 57
800 177
800 429
800 497
800 425
800 531
800 507
800 145
800 144
800 141
800 572
800 196
800 143
800 474
800 11
800 133
800 606
800 304
800 352
800 117
800 687
800 708
800 335
800 302
800 704
800 535
800 35
800 693
800 16
800 698
800 20
800 297
800 690
800 502
800 222
800 19
800 83
800 395
800 718
800 715
800 334
800 400
800 406
800 358
800 713
800 528
800 149
800 146
800 249
800 110
800 509
800 610
800 581
800 640
800 312
800 135
800 161
800 184
800 372
800 417
800 486
800 392
800 592
800 382
800 357
800 223
800 534
800 68
800 618
800 666
800 621
800 364
800 348
800 211
800 631
800 526
800 3
800 89
800 638
800 379
800 127
800 173
800 424
800 580
800 671
801 708
801 230
801 304
801 303
801 308
801 513
801 373
801 138
801 201
801 20
801 285
801 479
801 119
801 530
801 184
801 506
801 74
801 117
801 643
801 211
801 305
801 716
801 693
801 616
801 120
801 144
801 556
801 718
801 689
801 529
801 512
801 8
801 236
801 200
801 295
801 454
801 432
801 698
801 713
801 612
801 610
801 222
801 508
801 180
801 282
801 279
801 270
801 497
801 677
801 692
801 170
801 340
801 329
801 240
801 238
801 46
801 538
801 166
801 464
801 480
801 90
801 518
801 167
801 64
801 177
801 347
801 118
801 168
801 548
801 436
801 53
801 658
801 376
801 296
801 645
801 76
801 574
801 57
801 421
801 641
801 153
801 536
801 237
801 354
801 342
801 224
801 335
801 511
801 547
801 334
801 420
801 322
801 424
801 343
801 67
801 532
801 406
801 696
801 423
801 160
801 99
801 485
801 519
801 13
801 402
801 417
801 583
801 613
801 411
801 127
801 104
801 95
801 286
801 73
801 579
801 158
801 16
801 364
801 24
801 183
801 23
801 321
801 81
801 640
801 328
801 197
801 231
801 229
801 80
801 625
801 146
801 60
801 318
801 190
801 133
801 49
801 584
801 559
801 422
801 352
801 429
801 50
801 578
801 585
801 111
801 449
801 636
801 472
801 157
801 79
801 297
801 66
801 259
801 563
801 706
801 646
801 397
801 221
801 606
801 174
801 572
801 70
801 241
801 205
801 507
801 122
801 462
801 102
801 108
801 37
801 660
801 145
801 412
801 539
801 581
801 521
801 580
802 144
802 117
802 583
802 669
802 151
802 644
802 692
802 305
802 480
802 161
802 329
802 530
802 352
802 211
802 183
802 427
802 243
802 402
802 643
802 529
802 149
802 104
802 308
802 478
802 512
802 8
802 66
802 208
802 303
802 486
802 17
802 422
802 626
802 519
802 338
802 36
802 413
802 432
802 332
802 114
802 120
802 316
802 474
802 568
802 518
802 506
802 713
802 165
802 170
802 13
802 716
802 664
802 645
802 698
802 203
802 556
802 465
802 464
802 382
802 204
802 666
802 215
802 406
802 100
802 581
802 342
802 96
802 192
802 86
802 89
802 582
802 526
802 220
802 35
802 534
802 438
802 145
802 336
802 640
802 429
802 456
802 218
802 680
802 158
802 347
802 69
802 539
802 331
802 73
802 177
802 244
802 62
802 343
802 423
802 425
802 513
802 302
802 412
802 617
802 693
802 592
802 370
802 508
802 7
802 672
802 24
802 318
802 95
802 322
802 718
802 133
802 184
802 9
802 265
802 607
802 532
802 527
802 113
802 357
802 1
802 132
802 194
802 163
802 632
802 110
802 176
802 479
802 616
802 550
802 300
802 50
802 296
802 224
802 538
802 372
802 129
802 97
802 193
802 112
802 116
802 40
802 301
802 689
802 580
802 475
802 108
802 381
802 488
802 658
802 663
802 627
802 373
802 102
802 622
802 148
802 15
802 222
803 556
803 149
803 207
803 303
803 301
803 352
803 230
803 513
803 511
803 625
803 74
803 519
803 588
803 111
803 73
803 147
803 532
803 563
803 478
803 261
803 530
803 243
803 110
803 305
803 117
803 8
803 201
803 658
803 480
803 392
803 643
803 429
803 302
803 304
803 423
803 50
803 689
803 406
803 606
803 119
803 170
803 422
803 644
803 486
803 108
803 669
803 328
803 693
803 154
803 75
803 358
803 360
803 707
803 85
803 357
803 356
803 667
803 398
803 295
803 64
803 452
803 412
803 90
803 343
803 697
803 419
803 467
803 87
803 202
803 168
803 89
803 627
803 329
803 209
803 518
803 32
803 113
803 153
803 548
803 86
803 342
803 57
803 37
803 539
803 169
803 337
803 211
803 716
803 437
803 204
803 438
803 384
803 183
803 4
803 334
803 145
803 508
803 308
803 100
803 265
803 479
803 411
803 192
803 193
803 17
803 321
803 266
803 335
803 24
803 576
803 212
803 450
803 683
803 686
803 102
803 541
803 414
803 223
803 222
803 251
803 152
803 616
803 529
803 136
803 402
803 718
803 156
803 715
803 16
803 319
803 506
803 290
803 294
803 120
803 272
803 593
803 99
803 605
803 197
803 580
803 533
803 242
803 20
803 526
804 100
804 175
804 230
804 692
804 274
804 693
804 8
804 582
804 304
804 716
804 144
804 117
804 529
804 588
804 104
804 519
804 182
804 161
804 110
804 243
804 119
804 372
804 640
804 268
804 688
804 99
804 184
804 312
804 206
804 296
804 374
804 224
804 508
804 394
804 299
804 510
804 226
804 458
804 429
804 197
804 556
804 643
804 333
804 96
804 222
804 147
804 76
804 353
804 166
804 608
804 641
804 235
804 463
804 464
804 65
804 456
804 57
804 60
804 308
804 465
804 439
804 343
804 405
804 366
804 86
804 285
804 581
804 153
804 452
804 412
804 376
804 381
804 520
804 84
804 539
804 472
804 265
804 357
804 516
804 342
804 163
804 526
804 532
804 671
804 305
804 470
804 66
804 170
804 322
804 533
804 286
804 507
804 703
804 36
804 120
804 146
804 451
804 534
804 713
804 625
804 530
804 512
804 437
804 411
804 352
804 378
804 513
804 13
804 511
804 318
804 50
804 133
804 313
804 16
804 301
804 489
804 431
804 329
804 202
804 229
804 250
804 667
804 406
804 658
804 436
804 126
804 332
804 435
804 68
804 239
804 7
804 422
804 194
804 536
804 102
804 37
804 241
804 555
804 262
804 257
804 616
804 150
804 714
804 686
804 438
804 220
804 128
804 606
804 315
804 20
805 305
805 264
805 583
805 607
805 325
805 690
805 665
805 135
805 689
805 376
805 329
805 641
805 170
805 83
805 318
805 381
806 439
806 119
806 194
806 457
806 18
806 640
806 133
806 108
806 167
806 169
806 556
806 697
806 143
806 124
806 391
806 94
806 329
806 676
806 512
806 230
806 506
806 373
806 226
806 305
806 440
806 130
806 168
806 73
806 251
800 114
800 514
800 641
800 7
800 270
800 203
800 251
800 193
800 590
800 330
800 583
800 508
800 17
800 170
800 288
800 724
800 79
800 66
800 664
800 472
800 376
800 84
800 463
800 113
800 624
800 536
800 437
800 520
800 496
800 209
800 354
800 660
800 465
800 501
800 574
800 202
800 167
800 13
800 67
800 171
800 322
800 100
800 653
800 510
800 409
800 239
800 323
800 313
800 366
800 569
800 373
800 331
800 694
800 532
800 22
800 467
800 295
800 15
800 493
800 433
800 516
800 588
800 402
800 607
800 140
800 314
800 254
800 375
800 105
800 2
800 286
800 441
800 440
800 58
800 169
800 616
800 349
800 112
800 553
800 120
800 86
800 503
800 637
800 204
800 12
800 642
800 518
800 446
800 367
800 455
800 485
801 393
801 694
801 520
801 332
801 475
801 243
801 110
801 173
801 487
801 19
801 361
801 100
801 372
801 437
801 394
801 697
801 592
801 383
801 346
801 32
801 465
801 577
801 407
801 319
801 88
801 467
801 147
801 77
801 65
801 94
801 163
801 463
801 534
801 493
801 294
801 384
801 315
801 357
801 598
801 83
801 148
801 345
801 642
801 603
801 248
801 247
801 378
801 381
801 169
801 456
801 266
801 550
801 7
801 533
801 555
801 150
801 171
801 234
801 510
801 154
801 597
801 445
801 440
801 246
801 688
801 628
801 707
801 112
801 116
801 15
801 143
801 56
801 639
801 567
801 715
801 202
801 644
801 666
801 680
801 671
802 697
802 531
802 119
802 437
802 168
802 20
802 205
803 135
803 70
803 371
803 125
803 484
803 239
803 199
803 105
804 580
804 501
804 300
804 506
804 484
804 125
804 319
804 639
805 511
805 66
805 429
805 303
806 694
806 520
806 529
806 593
806 644
806 493
806 58
806 162
806 664
806 653
806 667
800 542
800 355
800 458
800 533
800 680
800 682
800 374
800 695
800 450
800 238
801 58
801 54
801 198
801 662
801 18
801 31
801 653
801 528
801 312
801 438
801 336
801 44
801 444
801 152
801 187
801 455
801 89
801 382
801 665
801 365
801 199
802 213
802 690
802 230
802 393
802 99
802 74
802 23
802 553
802 628
802 285
802 470
802 199
802 641
802 312
802 597
802 405
802 704
802 146
802 596
802 105
802 511
802 162
802 229
802 197
802 241
802 715
802 52
802 378
802 569
802 124
802 515
802 356
802 186
802 5
802 278
802 601
802 68
802 629
802 670
802 463
802 485
802 90
802 555
802 286
802 653
802 346
802 58
802 483
802 523
802 307
802 311
802 528
802 694
802 198
802 84
802 345
802 252
802 109
802 233
802 150
802 563
802 439
802 411
802 533
802 467
802 551
802 131
802 673
802 321
802 103
802 319
802 554
802 667
802 702
802 202
802 510
802 561
802 383
802 42
802 404
802 624
802 642
802 298
802 314
802 394
802 304
802 588
802 674
802 98
802 611
802 574
802 167
802 635
802 361
802 269
802 334
802 593
802 606
802 421
802 433
802 320
802 101
802 392
803 597
803 701
803 545
803 641
803 432
803 583
803 332
803 72
803 690
803 599
803 112
803 584
803 582
803 144
803 146
803 78
803 190
803 181
803 464
803 527
803 574
803 485
803 282
803 65
803 493
803 596
803 161
803 456
803 457
803 347
803 581
803 76
803 579
803 645
803 284
803 709
803 724
803 330
803 510
803 141
803 663
803 381
803 322
803 393
803 158
803 567
803 198
803 692
803 670
803 551
803 629
803 720
803 512
803 166
803 472
803 534
803 538
803 542
803 374
803 274
803 500
803 246
803 633
803 229
803 231
803 694
803 320
803 35
803 359
803 502
803 648
803 447
803 418
803 655
803 679
803 142
803 499
803 98
803 603
803 47
803 139
803 722
803 318
803 394
803 507
803 680
803 80
803 378
803 705
803 628
803 224
803 535
803 184
803 491
803 553
803 67
803 365
803 572
803 7
803 245
803 77
803 444
803 339
803 477
803 97
803 68
803 238
803 373
803 255
803 107
803 241
803 260
803 475
803 421
803 524
803 525
803 21
804 199
804 393
804 664
804 74
804 303
804 479
804 428
804 478
804 310
804 328
804 538
804 708
804 108
804 195
804 114
804 450
804 502
804 654
804 562
804 568
804 486
804 715
804 642
804 652
804 45
804 132
804 3
804 659
804 135
804 369
804 109
804 651
804 467
804 553
804 596
804 139
804 32
804 88
804 689
804 480
804 192
804 67
804 694
804 204
804 131
804 273
804 55
804 297
804 218
804 231
804 344
804 106
804 334
804 595
804 574
804 485
804 78
804 684
804 423
804 537
804 430
804 321
804 591
804 169
804 21
804 382
804 145
804 609
804 365
804 215
804 691
804 559
804 302
804 475
804 402
804 143
804 628
804 101
804 705
804 198
804 644
804 115
804 594
804 89
804 232
804 597
804 718
804 348
804 528
804 593
804 497
804 217
804 31
804 680
804 272
804 17
804 337
804 696
804 267
804 77
804 395
804 383
804 162
804 563
804 15
805 194
805 531
805 230
805 556
805 497
805 168
805 694
805 108
805 643
805 510
805 145
805 713
805 520
805 119
805 117
805 716
805 73
805 110
805 162
805 478
805 523
805 100
805 692
805 588
805 104
805 412
805 243
805 199
805 293
805 506
805 432
805 708
805 301
805 398
805 529
805 78
805 697
805 152
805 287
805 519
805 184
805 532
805 113
805 331
805 539
805 308
805 458
805 669
805 151
805 596
805 715
805 464
805 707
805 679
805 512
805 465
805 663
805 392
805 452
805 411
805 705
805 406
805 89
805 366
805 582
805 84
805 574
805 352
805 130
805 658
805 597
805 487
805 378
805 315
805 35
805 88
805 436
805 533
805 496
805 146
805 144
805 74
805 24
805 167
805 91
805 191
805 627
805 101
805 493
805 239
805 198
805 182
805 479
805 513
805 187
805 39
805 508
805 454
805 304
805 563
805 262
805 59
805 467
805 534
805 312
805 589
805 647
805 14
805 338
805 106
805 549
805 334
805 437
805 686
805 438
805 18
805 17
805 160
805 221
805 593
805 222
805 265
805 616
805 90
805 654
805 693
805 313
805 518
805 281
805 562
805 530
805 484
805 723
805 379
805 485
805 68
805 405
805 357
805 572
805 571
805 558
805 120
805 98
805 102
805 161
805 495
805 712
805 541
805 123
805 543
805 702
805 246
805 540
805 448
805 394
805 401
805 128
805 169
806 99
806 527
806 643
806 202
806 224
806 530
806 197
806 402
806 692
806 666
806 198
806 574
806 671
806 458
806 596
806 658
806 383
806 665
806 531
806 693
806 115
806 628
806 563
806 532
800 393
800 198
800 282
800 199
800 162
800 669
800 688
800 283
800 262
800 462
800 214
800 96
800 620
800 195
800 44
800 220
800 115
800 408
800 224
800 512
800 416
800 423
800 63
800 175
800 309
800 87
800 678
800 705
800 265
800 430
800 544
800 78
800 410
800 703
800 166
800 525
800 699
800 650
800 154
800 689
800 438
800 368
800 627
800 649
800 700
800 153
800 719
800 565
800 264
800 155
800 476
800 192
800 6
800 597
800 593
800 59
800 403
800 296
800 159
800 340
800 605
800 136
800 274
800 665
801 194
801 531
801 426
801 675
801 434
801 192
801 302
801 722
801 573
801 10
801 26
801 461
801 215
801 392
801 301
801 91
801 61
801 191
801 115
801 367
801 355
801 326
801 482
801 30
801 131
801 261
801 719
801 703
801 571
801 428
801 562
801 619
801 554
801 323
801 408
801 588
801 105
801 258
801 179
801 668
801 178
801 281
801 265
801 254
801 161
801 274
801 401
801 648
801 71
801 486
801 172
801 239
801 68
801 473
801 92
801 277
801 582
801 22
801 320
802 520
802 210
802 577
802 711
802 386
802 267
802 650
802 493
802 498
802 452
802 453
802 57
802 603
802 153
802 710
802 703
802 507
802 521
802 679
802 620
802 657
802 376
802 214
802 75
802 289
802 216
802 516
802 76
802 714
802 60
802 496
802 630
802 330
802 687
802 18
802 349
802 78
802 613
802 364
802 107
802 430
802 130
802 706
802 559
802 497
802 231
802 337
802 416
802 696
802 461
802 685
802 64
802 219
802 185
802 489
802 363
802 217
802 115
802 166
802 546
802 134
802 655
802 239
802 91
803 276
803 703
803 104
803 555
803 338
803 194
803 602
803 115
803 578
803 463
803 466
803 60
803 185
803 363
803 383
803 465
803 521
803 657
803 713
803 189
803 309
803 455
803 213
803 446
803 372
803 267
803 589
803 666
803 311
803 490
803 131
803 355
803 79
803 18
803 13
803 570
803 95
803 559
803 431
803 9
803 273
803 430
803 289
803 264
803 269
803 598
803 133
803 712
803 253
803 88
803 400
803 439
803 285
803 681
803 177
803 1
803 642
803 349
803 263
803 94
803 63
803 336
803 29
803 191
803 91
803 61
803 292
803 482
803 210
803 327
803 634
803 396
803 275
803 449
803 296
803 186
803 376
803 109
803 116
803 58
803 653
803 22
803 59
803 664
803 380
803 401
803 377
803 413
803 143
803 453
803 130
803 173
804 44
804 213
804 210
804 361
804 607
804 496
804 185
804 583
804 211
804 349
804 154
804 432
804 540
804 190
804 73
804 72
804 130
804 351
804 549
804 90
804 548
804 648
804 168
804 586
804 575
804 711
804 514
804 518
804 482
804 61
804 191
804 91
804 541
804 624
